253515,题北禅寺用前韵
434775,题北禅寺用前韵
