128676,题南山·孤鹜去边天浩渺
