958419,灵峰闻秋雨
182057,灵峰闻秋雨
