481113,郡斋独酌忆蔡章阳马仲穆诸君
1219192,李龙眠唐马，仲穆临
66064,郡斋独酌忆蔡章阳马仲穆诸君
