834916,八声甘州 其一 题《饮水词》
