221598,天竺书怀·满山风露正秋深
