178908,窗阴忽霁独往山下看梅
902243,穷阴忽霁独往山下看梅
