586946,春寒和林考功韵 其一
