762070,中元观城隍神账孤二首 其二
269416,中元观城隍神账孤
269417,观城隍·恤祭阴孤饭满筐
762069,中元观城隍神账孤二首 其一
814657,中元观城隍神账孤二首
