590969,梦游海珠寺凭虚亭
592688,登鸡鸣寺凭虚阁忆旧游
