68522,素梅·江南雪消春渐回
68523,素梅·江南十月春色早
