247571,塘沽火起·牢落野风秋
440301,塘沽火起
