69072,大醉歌·明月珠不可襦
