797894,调笑令 咏古七首 其一 张女郎
