329632,裴矩·西巡北幸四夷朝
