974070,芙蓉道间二首 其二
972893,杭桥道间二首 其二
994530,嘉兴道间二首 其二
