777797,菩萨蛮·台城话月
