639635,天仙子 别怀
