880221,送李果州 其一
