334821,吊后山·生平不肯见王公
