99446,岐亭道上见梅花戏赠季常
930102,道上见梅花
77112,道上见梅花
921175,岐亭道上见梅花，戏赠季常
