118868,梁山洎见·行到平湖意自宽
307138,戊申之秋·市隐郊居意自宽
381856,移家·淡泊无营意自宽
