960903,王君猷花圃八绝 其二 薇香洞
960901,王君猷花圃八绝 其八 鉴池
960897,王君猷花圃八绝 其七 山扉
1122295,王君猷花圃八绝 海棠城
960898,王君猷花圃八绝 其四 花谷
960900,王君猷花圃八绝 其一 海棠城
960570,王君猷花圃八绝 其三 若春
960902,王君猷花圃八绝 其五 橘隐
960899,王君猷花圃八绝 其六 临清桥
