569473,同大司马吴公少宗伯李公饮桃花坞分韵得花字
