352430,周晋仙诗卷
1099031,周晋仙诗卷
