32976,梦断·梦断纱窗半夜雷
