249940,偶做·诗成惟自赏
401462,偶做
