608140,莫愁湖曲 其一
608143,莫愁湖曲 其四
608141,莫愁湖曲 其二
608142,莫愁湖曲 其三
