487365,饮雨花台赋落叶
