1137319,醉太平 黄南山县寄所寓
