221101,题水云深处
516607,水云深处
128036,天台书事·水云深处是吾家
142576,和因上人·水云深处见人烟
678604,题水云深处
84136,朝饥示子聿·水云深处小茅茨
1217146,吴江王氏水云深处
267948,桂湖消夏·水云深处有楼台
953343,题水云深处
