626378,美人诗二十二首 其十 灯涵
