942994,正仲和帅属被盗二首 其二
