410210,滇南怀贤六首选二 其二 岑襄勤公毓英
433125,滇南怀贤六首选二 文端公鄂尔泰
410209,滇南怀贤六首选二 其一 文端公鄂尔泰
