738805,华山鸟道歌
