1098818,送陆居士归天台
322940,陆居士挽诗
328399,送陆居士归天台
1085360,陆居士挽诗
