736053,昭阳湖行书所见
380090,昭阳湖行书所见
