188184,菩萨蛮·三年江上风吹泪
230958,赠刘道原·三年江湖上
