705206,凤凰台上忆吹箫 其四 意中美人
