714397,送别祺公先生 其一
