783098,赠田隐居
