223871,狄仁杰·天理何曾一日亡
407637,三月卅一日亡妻扫墓
311860,三月卅一日亡妻扫墓
512656,十二月一日亡儿附主于祠
