118210,凤凰山·山川蟠跨偶成形
118863,凤凰山·山川蟠踞偶成形
