88979,寿溪三绝·陶子经丘又寻壑
88975,首春九日寿溪三绝
1108967,首春九日寿溪三绝
88978,寿溪三绝·只手经营费拮据
878479,首春九日寿溪三绝 其一
875631,首春九日寿溪三绝 其二
875630,首春九日寿溪三绝 其三
