216020,氐州第一·朝日融怡
