459753,似即生日夜作四首 其三
459751,似即生日夜作四首 其一
459752,似即生日夜作四首 其二
466269,似即生日夜作四首
459754,似即生日夜作四首 其四
