28043,皋桥·皋桥依旧绿杨中
378498,初夏·流莺声老绿杨中
