336223,秋晚郊行即事
1103184,秋晚郊行即事
