730346,游法源寺题虚心阁
319322,游法源寺题虚心阁
