1175185,和刘长史荅十九兄
