268057,菩萨鬘·申江寄小云
834825,菩萨鬘 申江寄小云
