1059932,闾丘大夫挽词 其一
358660,闾丘大夫挽词
1059933,闾丘大夫挽词 其二
1117497,闾丘大夫挽词
