1102287,送则自然书记
1154739,诗品二十四则 自然
