963514,风定船开夜泊柳子口上到荆州尚三程
144418,风定舡开夜泊柳子口上到荆州尚三程
