121553,再次韵·颇有传诗问子山
