194364,龙山野·闻说西潘桑枯少
1013544,龙山野望
