505556,赋徐公子澄碧轩十二韵
404441,定风波·红雨轩十二种出版自题
246727,定风波·红雨轩十二种出版自题
