627928,和周伯度许参尔辞部挂冠作
