660766,寒夜独坐用前韵
