327655,钓台·一水自东流
112564,钓台·一句能通万世情
860471,题严陵钓台一首
