52627,移树道上
476058,移树道上
