221031,集仙桥·流来一水截人寰
171295,昭阳殿·祸水流来汉火亡
124641,夏日池上·溪流来不近
168039,渔父·兰芷流来水亦香
