1140634,莺啼序 其一 春晚
