1091368,赠宋安民失解
336031,赠宋安民失解
