302244,蔷薇·五月蔷薇始上棚
304789,田家杂兴·引蔓匏瓜已上棚
