73839,朝中措·四海荆州吾所爱
