1000720,读书四首 其一
