402022,凄凉犯 壮岁入秦从戎虽滥得勋赏狗尾羊头殊不抵画眉妆阁也和白石声韵
293847,凄凉犯·壮岁入秦从戎虽滥得勋赏狗尾羊头殊不抵画眉妆阁也和白石声韵
255322,那无限的援军从不抵达
