182752,和信仲喜雨·云汉吁嗟堕杳冥
