66265,宫词·昨日闽中进荔枝
