829260,拟花间十八首 归国谣·温庭筠
