448948,清平乐 和高倬云女士
250818,清平乐·和高倬云女士
