331016,晚鸣·长庚东出月沉西
232829,玉晨口占·风鸣长史升天柏
