597933,过孟子祠堂
