579185,病中失约寄张凤彩
