940054,五言贺雨出
620208,辛巳秋奉命偕成国新乐及礼臣同相孝陵值成国寿日排律言贺中元后一日
168470,五言贺雨出
