362958,次友人韵·悠然物外久声销
351810,东坡先生韵·悠然望江南
