309063,长相思·韬光竹径拾得双红豆
836233,长相思 韬光竹径拾得双红豆
