964089,春禽杂言
142731,春禽杂言·仓庚仓庚
