315471,清源分司林檎去时始见开花自平阳还则结实久矣因成二十字
31263,花时与钱尊师同醉因成二十字
1190465,花时与钱尊师同醉因成二十字
499991,清源分司林檎去时始见开花自平阳还则结实久矣因成二十字
