29485,濡须桥·徒向濡须欲受降
179239,舟中酒味酸许深父漕使以家酿来不欲受
983723,舟中酒味酸许深父漕使以家酿来亦不欲受
