780698,导引曲二首 其二
