485184,答陈校理寻花已落之作
46820,答陈校理寻花已落之作
232471,论语绝句·此理寻常岂不如
