131343,出门寄弟睹子得
944963,出门寄弟睹子得
