29989,菊·篱落岁云暮
