378782,纪梦·玉纤金钏隔窗纱
358638,纪梦·玉色照清都
