1247809,寄张孟方
1247445,寄张孟方
