107487,雨凉晓思·一榻凉如水
