779087,浣溪纱 梦中作
253398,浣溪纱·梦中作
434304,浣溪纱 梦中作
