363342,即事·举头云苍莽
209073,雨中即事·举头但觉云头暗
