386748,满庭芳·京邸上巳用兰当旧韵成解
833109,满庭芳 京邸上巳用兰当旧韵成解
