267510,恋绣衾·哀蝉帘户半夕阳
267661,杨柳枝·无主楼台半夕阳
294024,鹧鸪天·燕子楼头半夕阳
260192,过长安·汉苑秦宫半夕阳
259591,游郤家泺·山崦人家半夕阳
