1195959,和致仕张尚书新创道院
35081,和致仕张尚书新创道院
