781043,杂兴十五首 其五
1058334,春日杂兴十五首 其五
528686,秋日杂兴十五首 其五
