882818,送陆华父归越
559852,送王主事父归越布政暹之父
