202237,锺山钟·延平双剑朝丰城
895530,风流子 政和间过延平，双溪阁落成，席上赋
