658596,送严太守永浚知西安
538290,送严太史请急省侍
560043,送严太仆宗信
