787979,初夏至玉泉山
