244764,两峰睡觉·宿酒初醒唤梦回
1140462,两峰睡觉
