1079848,秋日至孟明庄
329221,秋日至孟明庄
