828263,景文诚公挽诗 其二
829366,景文诚公挽诗
304002,景文诚公挽诗
828262,景文诚公挽诗 其一
