583943,谢惠莲酒二首 其一
