1067178,清樾轩二首 其二
1127910,清樾轩二首
1067177,清樾轩二首 其一
