532470,题九霄深红菊
532302,题九霄菊卷
532469,题九霄墨菊
28926,无题·九霄无诏下
