446793,风入松 丁丑六月，新都桂湖公园，怀黄峨
423794,醉落魄·海珠公园怀寂园象州
417221,绮罗香   重游烈士公园怀喻生润泉
311943,绮罗香·重游烈士公园怀喻生润泉
446660,朝中措     其一 新都桂湖公园怀杨慎
