977182,送戴文子赴定海主簿
1224608,送杨君祥赴定海税官因思旧游
