230490,浣溪沙·天女殷勤著意多
