1158755,恩敕重推使牒追赴苏州次前溪馆作
13066,清溪馆作
35727,清溪馆作·指途清溪里
3935,恩敕重推使牒追赴苏州次前溪馆作
1176992,清溪馆作
