995697,罗汉南公升堂颂二首 其一
