1000889,郑侍郎折赠白芍药
184695,郑侍郎折赠白芍药
