203639,弦月·人间离别最堪怜
