971929,鹅湖道中呈斯远
96768,鹅湖道中呈斯远
971469,赤岸道中呈斯远
95607,赤岸道中呈斯远
