1142458,徐友谦小筑冒雨访何通叟途中作
