353611,约转庵·半夜月明晨起风
1089677,约转庵
