480551,题朱仪中雨图
48401,题朱仪中雨图
