1202398,行香子 遇师
952546,访怀遇师
183804,访怀遇师·独隐重岩里
