734942,西苑杂咏和荪友 其二
