120777,再题·天吴凭怒鼓涛澜
