253216,自题具区山水图卷
452988,自题具区山水图卷
1046237,题具区阁
360420,题具区阁·阁占具区泽
