272033,明月·明月清歌又此回
220122,怀清叙·梦想平生始此回
214698,思佳客·把酒听歌始此回
