868772,送陈子云通判三首 其三
868774,送陈子云通判三首 其一
1107584,送陈子云通判三首
868773,送陈子云通判三首 其二
