151021,和叔豹咏家园
961720,和叔豹咏家园
