633620,谭兑子以槟榔皮制鞋遗余谢之
