1066945,大卿表兄莫公挽歌词二首 其二
1066944,大卿表兄莫公挽歌词二首 其一
