487641,挽徐子瞻明府 其三
