1227801,送袁道士二首 其一
