187706,漫塘晚望·远山亚归云
