63231,解嘲·秋来逸兴浩如云
