1146221,三不为篇 其三
