294606,山人韵·星星薄晕早经霜
