1060739,道中即事八首 其三
