157207,长相思·桃花堤
307952,长相思·桃花妍
