946568,次韵陈季陵觅酒二首 其二
946569,次韵陈季陵觅酒二首 其一
