579301,动星隐钓西南沙
601132,动星隐钓西南沙
