256268,台北异乡人
