1143790,哭周子一二首
559251,泛海哭周耿西先生 其三
695611,泛海哭周耿西先生
1244431,哭周子谅员外
718697,哭周处士筜谷 其三
1032622,哭周宗彝
802814,哭周韬甫
700970,哭周角长
1136299,哭周子一二首 其一
683334,哭周宪副叔夜二首
316589,哭周总理·于无声处响惊雷
862993,哭周秀实 其二
551060,哭周所谐 其一
699050,哭周所谐
1034188,哭周茂洪
919788,重哭周四
626970,哭周角长 其一
298756,哭周韬甫·无端涕泗又纵横
485024,哭周记室
228002,哭周茂洪·清襟无物最怜才
47102,哭周记室
107138,哭周子壹·欲极云霄阔
401167,哭周总理
559249,泛海哭周耿西先生 其一
551061,哭周所谐 其二
863216,哭周秀实 其一
818861,哭周实丹烈士
194011,哭周宗彝·已叹交情看渐少
587345,哭周岳父追忆前事 其一
1136298,哭周子一二首 其二
626974,重哭周角长 其三
551062,哭周所谐 其三
520755,哭周院判
877341,哭周晋仙
154219,重哭周四·甫读宗周挽
626972,重哭周角长 其一
718696,哭周处士筜谷 其二
626971,哭周角长 其二
537779,哭周宪副叔夜二首 其一
700965,重哭周角长
690987,哭周昆彦
628769,哭周昆彦 其二
587346,哭周岳父追忆前事 其二
537780,哭周宪副叔夜二首 其二
1106825,哭周秀实
718695,哭周处士筜谷 其一
722381,哭周处士筜谷
559250,哭周耿西先生
626973,重哭周角长 其二
107139,哭周子壹·渡淮才几日
674417,哭周天兆
87796,哭周晋仙·君在诗人里
628768,哭周昆彦 其一
718698,哭周处士筜谷 其四
551063,哭周所谐 其四
695042,哭周岳父追忆前事
