212739,舟中避难·拿舟来避难
