1025918,八月六日伯皋见过
240706,八月六日伯皋见过
