737602,英州道中寄大兄 其二
737601,英州道中寄大兄
