651035,题陈叔起画为陈宪章赋
566489,题画为陈太守本深
