1204115,【双调】驻马听 弹
