308996,羽调解语花·镜香亭荷花，用草窗自制曲韵
823158,羽调解语花 镜香亭荷花，用草窗自制曲韵
