137037,蝶恋花·永日环堤乘彩舫
618810,和杨肖韩比部春日环翠轩 其二
691451,和杨肖韩比部春日环翠轩
618809,和杨肖韩比部春日环翠轩 其一
