206279,哭幼子·兼旬哭子鬓成丝
