387284,虞美人·水仙六出梅花五
