1042528,行吟三清墀中示雷生
366317,行吟三清墀中示雷生
