254084,长治窑·医秦狂暴没多般
457798,长治窑
