123540,光福塘上·指点炊烟隔莽苍
