866373,夔州试院呈诸公 其二
