504859,与揭伯防先生桂彦良重游东山分韵得鸟字
