631322,柬伦太守
