463419,莪默绝句集译笺乙集 其九十六
