725772,咏内人昼眠诗
265379,咏内人昼眠诗
