531798,送大理卿郑公讯狱如陕西
