957155,悯游
