685166,题孙宫允园亭用马司业韵二首
476161,题孙宫允园亭用马司业韵二首 其二
59630,题孙宫允园亭用马司业韵
476160,题孙宫允园亭用马司业韵二首 其一
