231860,洪庆善郎中挽诗
1006392,洪庆善郎中挽诗四首 其二
1006391,洪庆善郎中挽诗四首 其四
1128429,洪庆善郎中挽诗四首
1006465,洪庆善郎中挽诗四首 其三
1006393,洪庆善郎中挽诗四首 其一
