907597,余寓王园适当春残尚有小桃临水追想昔时繁丽无复存者借仲信桃花韵
1251122,过清远县爱其山水追赋赵佗刘汉墓
206178,余寓王园适当春残尚有小桃临水追想昔时繁丽
