1161624,重阳日陪韦卿宴
12945,重阳日陪韦卿宴
