670003,古诗后十九首 其四
