673662,送林世增之春闱
673663,送许纯嘏之春闱
