636121,题李子长先生墓
