1148499,京兆二尹歌
