84077,巢山·短发巢山客
667499,早发巢县暮宿金城寺
