601811,五游诗 其五
