874784,四月八日三绝 其二
