547022,东海有贞妇为冯太安人赋
