611826,咏怀古迹五首 其一 黄陵庙
