316123,赠陈毓瑞·君耆我艾敢称贤
773720,次黄河瑞君原韵
