360775,见寄·比来维日捧诗筒
1223464,维日之良
220363,寿梁漕·维日在娄春事殷
