939692,赠寇国宝三首 其三
