366038,浣溪沙·水样罘罳禁嫩寒
367430,浣溪沙·水样罗裙蛱蝶飞
