328020,凯歌·先取巴塘向北行
