817612,慰贞壮失子
302396,慰贞壮失子
