202125,啄木鸟·小虫蠹坚木
