677132,夏华甫水亭邂逅甬东朱汉生已载酒重过与汉生集别
