845591,真宗封禅四首 其三 十二时慢
845585,八年神宗灵驾发引四首 其三 十二时慢
