673287,答吴景端南归见寄之作 其二
673286,答吴景端南归见寄之作 其一
