902181,春昼睡起偶书二首 其二
178892,春昼睡起偶书
902182,春昼睡起偶书二首 其一
