756023,滞雨不发隔舟贻易玉俞
