606127,周博士招同观灯四首 其二
