1042114,送刘郎中监灵仙观尽室而往
366351,送刘郎中监灵仙观尽室而往
