988663,和何季崇签判三首 其二
