61896,春日有怀·二月凭高思渺茫
