116889,年年歌·年年西风白露天
