839683,血迹碑二首 其一
