902790,题水墨画水仙木犀 其二
1113431,题水墨画水仙木犀
903956,临江仙 木犀
902791,题水墨画水仙木犀 其一
