240819,浣溪沙·闲里相看两鬓秋
