566033,送客还新安一首
