851044,第一百六十六
