601389,癸丑八月十三夜纬章招饮宇亮馆分得身字
