927933,无疾吟
126161,无疾吟·无疾之安
113123,染疾吟·百年世事不胜悲
970186,染疾吟
