1098465,印维那请自赞
