594006,送马宪副睟卿赴滇中
