312937,醉花阴·听响连环双玉铰
