540323,即事题小亭 其二
