282852,过邵伯游邵伯湖，亦同杜海羽閒等同
415486,过邵伯游邵伯湖，亦同杜海羽閒等同
