494219,陪诸公瀛洲胜会 其一
