325932,暂憩·平生湖海游
