766623,卜算子 其三 由南昌至安庆江行杂咏
