317730,早行·野店无更鼓
807953,大酺  溪行野店小饮即事
