353219,芍药·春与花垂尽
82132,西村晚归·小坞花垂尽
