1083094,春意五绝 其一
