538289,韦园同于鳞子与子相各赋 其三
