618286,米仲诏招集漫园三首 其三
618285,米仲诏招集漫园三首 其二
688879,米仲诏招集漫园三首
618284,米仲诏招集漫园三首 其一
