922145,连雨江涨二首 其一
923812,次韵子瞻连雨江涨二首 其一
