73547,天仙子·六合似炉云似火
92611,晴後弃雪·滕家仙子六琼娘
