941931,鸣风洞
165244,鸣风洞·朱鸟何年作瑞来
