698029,淮村八景 淮川晚渡
