588248,避暑粤山中诸君携酒见访 其二
