303127,失题·我心本无争
