1164366,绵竹山四十韵
31639,绵竹山四十韵
