319692,楚游·气殊昏晓变
