913683,跋汪省干诗卷二首 其二
