609518,赣江曲 其一
609520,赣江曲 其三
609519,赣江曲 其二
609522,赣江曲 其五
609521,赣江曲 其四
