638484,官满南归吴汝仪沈元式孙吉夫送至姑苏饮别于虎邱寺
