76018,春晚出游·风急名花纷绛雪
