602567,陪祀茂陵泰陵
