862596,和子楚二首 其二
1106862,和子楚二首
862597,和子楚二首 其一
