558261,赠龙泉司训吴汝成
