155759,送曾大卿将漕江东
956653,送赵从善少卿将漕淮东
999081,送曾大卿将漕江东
123240,送赵从善少卿将漕淮东
