388085,除夕·久客家能好
