882825,送赵舜臣知温州
184521,送赵舜臣知温州
