608829,送黄南宁
