1098605,过王氏云庄
497281,过王氏越溪庄
1041540,过王氏弟兄
491876,过王氏南园看竹刘以和携酒至共酌林间 其三
949288,春三月过王氏村有感
491877,过王氏南园看竹刘以和携酒至共酌林间 其四
491875,过王氏南园看竹刘以和携酒至共酌林间 其二
491874,过王氏南园看竹刘以和携酒至共酌林间 其一
638685,过王氏庄小酌
543953,过王氏小隐同陆山人周上舍閤中小集
351246,过王氏云庄
686969,过王氏南园看竹刘以和携酒至共酌林间
