620734,送西充李铨部赴阙六首 其六
