575457,送叶山人归恒安 其二
