58501,归来吟·只成无喜亦无憎
