39653,大将军宴会被命作诗·祁祁臣僚
