386805,调笑令·胡蝶
