367091,显道和前韵见赠因复之
367215,赠因复之·清名藉甚伯夷伦
1121470,显道和前韵见赠因复之
1082974,显道和前韵见赠因复之 其二
1082973,显道和前韵见赠因复之 其一
