66544,舟泊·江静雨初收
