389959,题画·千条杨柳弄如烟
384594,题画·千山罨画拥飞楼
62089,题画·千峰落日阴
384993,题画·千山猎猎朔风寒
389960,题画·千崖落木自苍苍
