709452,春灯曲 其二
