101312,我爱着的都不是我的
44965,我的心爱着世界
