333195,晓思·窗外鸡初唱
