162418,登衡山宿上封寺祝融峰
981493,登衡山宿上封寺祝融峰
