467705,十六字令三首 关于春天
