814344,南田移居
755236,南田移居 其二
808282,施竹田移居
755235,南田移居 其一
755237,南田移居 其三
