491099,春郊散步
750900,西郊散步
