266573,谒金门·题素箑美人
