950558,泥行终日至晡始抵中桥六绝 其一
