385437,木皮岭·自惭非佛亦非仙
348941,烧香·琴心非佛亦非仙
