269192,题青岛·描将惯钓常游地
