619375,西樵道中和海侄
