143546,八声甘州·又江南
300398,读陆游集·飘然剑外又江南
