255077,闻松涛·卮酒何能荡百哀
13700,古乐府·风光澹荡百花吐
291145,踏青·东风浩荡百花开
