247842,答庾僧渊诗
1198788,答庾僧渊诗
1032982,送松风僧渊中二公游方
229536,送松风僧渊中二公游方
