565788,龙笛曲一首
41206,江南弄·龙笛曲
723834,江南弄七首 其二 龙笛曲
588485,江南弄七首 其二 龙笛曲
725731,江南弄三首 其二 龙笛曲
556650,龙笛曲
128484,龙笛曲·美人满酌金屈卮
543248,龙笛曲
603521,龙笛曲
989562,龙笛曲
536295,龙笛曲
550351,龙笛曲
