972170,上宠市早饭
98294,上宠市早饭
