39706,善哉行·朝游高台观
