278975,龙石歌·雨馀匹练界西山
389104,宝应湖·波摇匹练界长空
