228418,渔舟·秋巘翠千叠
196516,渔舟·秋水秋空一样明
