786936,拟古乐府二首 其一
786937,拟古乐府二首 其二
