556300,赠张赣州致仕还吴次达夫韵
459001,郁达夫韵
