10014,招隐寺送阎判官还江州
1183064,招隐寺送阎判官还江州
