8211,漫成·野日荒荒白
