1209884,寄平阳润和尚
