1243860,幽情野趣二首 其一
1252240,幽情野趣二首
1243861,幽情野趣二首 其二
