149541,郡斋戏句·雪中猎户来呈虎
