202013,宫词·露井银床冻不收
