731804,李宾山松歌
