950869,望樊口怀陶士行温太真二首 其二
950870,望樊口怀陶士行温太真二首 其一
