1185122,题钟雅青纱枕
35703,题钟雅青纱枕
