440797,鹧鸪天 游仙词二十首 其十二
440817,鹧鸪天  后游仙词二十首 其十二
