317068,钗头凤·春游
763676,钗头凤 春怨
331939,钗头凤·春怨
1205206,钗头凤 春思
705992,钗头凤 春游
1205207,钗头凤 春情
