657264,定山泉歌和杜韵
