265815,论诗绝句·出入云间硬语盘
