615419,夜登黄龙洞作
937450,齐天乐 其二 三荣人日游龙洞作
