597427,燕京侠客吟
629572,侠客吟
