377492,自赋息耕·叶深烟气暖
1022522,自赋息耕
