244590,送演侄·一同休戚尉相关
