1149020,白衣裳二首 其一
1149021,白衣裳二首 其二
