1220704,李节妇田氏 其二
