1156345,送姚杭州赴任因思旧游二首 其二
26097,送姚杭州
1185689,送姚杭州
1193964,送姚杭州赴任因思旧游二首
1156344,送姚杭州赴任因思旧游二首 其一
