851641,留远亭 其一 贾馀庆
1103384,留远亭 其二 刘岊
