515712,行台春意 其四
