414546,春郊小步
295374,春郊小步·为爱春光好
