111285,汲水诗·汲水佳人立晓风
903877,汲水诗
1058324,汲水诗
