104461,送闾丘殿丞
991402,送闾丘殿丞
