122007,朝中措·海棠如雪殿春馀
85904,朝中措·海天万顷碧玻璃
189206,朝中措·海棠零落瑒花繁
