58329,海城春望
480379,海城春望
502960,题松山司警余公海城春意
