80569,秋怀·雨滴大梧叶
