197892,挽司直兄·典重班诸老
