147156,两家·诗本无形在窈冥
