789181,满江红 焚旧寄吴门诗文感赋二首 其二
789180,满江红 焚旧寄吴门诗文感赋二首 其一
811109,满江红 焚旧寄吴门诗文感赋二首
