341231,灯市作·月黑高城暝色流
