1189495,诗三百三首 其八十九
