631448,不忧死四首 其四
