298380,踏莎行·青霄里舟中夜归即事
298370,菩萨蛮·舟赴青霄里
797029,菩萨蛮 舟赴青霄里
797043,踏莎行 青霄里舟中夜归即事
