1217788,病起述怀二首 其二
1217787,病起述怀二首 其一
