401293,丙戍秋兴八首次少陵韵 其二
401296,丙戍秋兴八首次少陵韵 其五
401297,丙戍秋兴八首次少陵韵 其六
401298,丙戍秋兴八首次少陵韵 其七
401942,丙戍秋兴八首次少陵韵
401292,丙戍秋兴八首次少陵韵 其一
401294,丙戍秋兴八首次少陵韵 其三
401299,丙戍秋兴八首次少陵韵 其八
401295,丙戍秋兴八首次少陵韵 其四
