256361,钟声-七月来了
973412,移官巴陵行有日矣书呈唐德舆程士和梁和仲于去非段元衡邢大声七首 其五
973411,移官巴陵行有日矣书呈唐德舆程士和梁和仲于去非段元衡邢大声七首 其六
973416,移官巴陵行有日矣书呈唐德舆程士和梁和仲于去非段元衡邢大声七首 其一
973413,移官巴陵行有日矣书呈唐德舆程士和梁和仲于去非段元衡邢大声七首 其四
973414,移官巴陵行有日矣书呈唐德舆程士和梁和仲于去非段元衡邢大声七首 其三
973415,移官巴陵行有日矣书呈唐德舆程士和梁和仲于去非段元衡邢大声七首 其二
1123657,移官巴陵行有日矣书呈唐德舆程士和梁和仲于去非段元衡邢大声七首
973410,移官巴陵行有日矣书呈唐德舆程士和梁和仲于去非段元衡邢大声七首 其七
