44390,存殁六绝句·老赞一腔都是血
