1194015,太湖诗 初入太湖
1158205,太湖诗 其一 初入太湖
1176580,奉和袭美太湖诗二十首 初入太湖
1157212,初入太行路
28077,初入太湖
946838,初入太湖
17319,初入太行路
230945,初入太湖·东南有具区
