804209,哈密三首 其一
