151644,别诗人·笔砚无灵久
357123,花王馆·笔花委地砚无田
