1244361,寄张九成（不饮酒而多符卫）
