724624,丁督护歌六首 其四
