1103798,小斋前老梅至二月半花犹未落馀香最可爱
348967,宋奥寄友·落日犹未落
347254,小斋前老梅至二月半花犹未落馀香最可爱
