1033527,辛丑岁暮三首 其三
