330734,赠高申·夜半匆匆离府庠
1070808,赠高申
