44647,读史·东海人奴盖世雄
