902739,谒陆礼部归偶成二绝句 其二
