138829,和李光祖·老去深悲宠辱惊
