149495,将为枝江之行
980570,将为枝江之行
