443403,惜黄花　凡翁艺菊数十盆齐放
443404,绮罗香　瓶花 凡翁课作
