370329,次韵昌甫·相知新固乐
