860063,读庆元党人家乘 其三
203867,读庆元党人家乘蜀
860064,读庆元党人家乘 其六
860062,读庆元党人家乘 其一
860194,读庆元党人家乘 其二
1106232,读庆元党人家乘
860193,读庆元党人家乘 其四
860061,读庆元党人家乘 其五
