738916,春杪镇海楼望雨
