442247,幽谷桃海
