598148,苍梧九日偶成二绝 其一
598149,苍梧九日偶成二绝 其二
695108,苍梧九日偶成二绝
