178259,入峡·天秋万象静
277386,出峡·出峡天如放
277385,入峡·入峡天如束
277934,巫峡·巫峡天下险
321424,弭节·川峡天下险
