591528,双桐馆为梁思伯赋
