965043,次懒窠见寄韵
176412,次懒窠见寄韵
