886990,和圣制蜡梅 其一
