135906,送郑惠叔司封江西提举
1028153,送郑惠叔司封江西提举
135905,送郑惠叔尚书守建宁
1028154,送郑惠叔尚书守建宁
