275641,梅香慢·帷幕香浮
846614,梅香慢
423180,梅香慢    戊寅秋巴县遇寒梧下峨眉复有贵筑之役和东山
822353,梅香慢
300104,梅香慢·戊寅秋巴县遇寒梧下峨眉复有贵筑之役和东山
845995,玉梅香慢
