719235,姑苏杨柳枝词 其四
