124794,观书·隐几穷千古
174980,毛平仲挽词·奥学穷千古
