1216533,陆德阳杭州新居 其二
1235371,陆德阳杭州新居
1216532,陆德阳杭州新居 其一
1207481,重过柳洲次陆德阳韵
