74776,行香子·松嫩堪餐
