756514,送杰上人归四明
