1163358,闻尚颜下世
38191,闻尚颜下世
