1086408,枕上闻雨声
1028960,夜来四鼓枕上闻雨声喜而不寐
78990,枕上闻雨声
191456,夜来四鼓枕上闻雨声喜而不寐
929226,枕上闻雨声
