804391,回疆凯歌 其二
