558249,洪都别意送陈粹之佥宪三首 其一
558250,洪都别意送陈粹之佥宪三首 其二
651713,春日怀刘佥宪三首 其一
558251,洪都别意送陈粹之佥宪三首 其三
651715,春日怀刘佥宪三首 其三
651714,春日怀刘佥宪三首 其二
