344711,过池阳舟中望九华山
915284,过池阳舟中望九华山
