625642,登白鹤峰谒东坡祠
