553361,题山水画 其一
486275,题山水画 其一
657376,题县主山水画 其一
