494149,陪陈睡乡如先墓致祭
494156,附渡北行夜阻风山旗坑寄怀陈睡乡马怀瑞诸同宴
