258879,马或者太阳之路
