573662,为陈弘道题十一首 其五 芳馨亭
1234989,香奁八咏 其五 芳尘春迹
1248830,香奁八咏 其五 芳尘春迹
484631,五坞山五首 其五 芳桂坞
418138,怀人诗廿四首 其十五 芳洲
