100570,和陶饮酒·何人筑东台
56506,和陶饮酒·何悔不学剑
