462291,自题墨梅册八首 其二
