67261,春宫曲·燕语花飞正断魂
