227222,过曹家渡·数篙撑过渡
