1121200,送刘漳倅
337879,送刘漳倅·南郡久闻非旧比
339609,送刘漳倅·撚髭袖手耽閒久
1099896,送刘漳倅 其二
1099895,送刘漳倅 其一
