608502,答苏母舅以九日诗见寄
572524,挽苏母
608505,得苏母舅东山书问
