20136,秋蛩·雨绝苍苔地
271146,好事近·蛩雨落灯昏
