1016406,访孤山林和靖梅坞陈迹
229077,访孤山林和靖梅坞陈迹
148136,写林和靖梅花诗后
994195,写林和靖梅花诗后
