239943,次韵云岩·权舆於我屋渠渠
885399,次韵云岩
