1221471,题叶伯政经历水北山居图
562296,题叶经历水北山居
