599573,别馆都春 其五
