1245314,和梅知府寄来诗韵 其三
