402906,绛都春 李释戡属题校补罗瘿公遗著菊部丛谈
309440,绛都春·李释戡属题校补罗瘿公遗著菊部丛谈
