1159155,山寺看海榴花
20029,山寺看海榴花
