94270,小桃·小桃著子可怜渠
1070311,道山堂后小桃著花颇有幽态
