353808,戏远大师·庐阜远公真好事
1066392,戏远大师
