43946,游雪窦山·天风吹海水
260500,游箭山·天风吹雪下平田
