707048,和梅花百咏诗 其九十一 十月梅
