641531,过廉平章樊川别墅
205322,代饯行·下车入已诵廉平
