94513,饮酒·今日偶不饮
