51768,雨蕉·东风吹展半廊青
