912863,夜泊鸦矶
