259485,次韵答裕之
438609,次韵答裕之
