560276,口号四绝送蔡良医孙回桐乡 其一
