389908,为秋野题画
540034,为秋野题画
