965819,和叔夏水仙时见于宣卿坐上叔夏折一枝以归八绝 其五
965815,和叔夏水仙时见于宣卿坐上叔夏折一枝以归八绝 其七
965816,和叔夏水仙时见于宣卿坐上叔夏折一枝以归八绝 其四
965821,和叔夏水仙时见于宣卿坐上叔夏折一枝以归八绝 其三
965814,和叔夏水仙时见于宣卿坐上叔夏折一枝以归八绝 其二
965818,和叔夏水仙时见于宣卿坐上叔夏折一枝以归八绝 其六
965817,和叔夏水仙时见于宣卿坐上叔夏折一枝以归八绝 其一
1123085,和叔夏水仙时见于宣卿坐上叔夏折一枝以归八绝
965820,和叔夏水仙时见于宣卿坐上叔夏折一枝以归八绝 其八
