498504,小祥之后，勉复弄笔梦游十二首 其十二
498502,小祥之后，勉复弄笔梦游十二首 其十
498503,小祥之后，勉复弄笔梦游十二首 其十一
