275338,香山·讽论篇篇近正声
