142639,满江红·把酒西风
