281043,前年·龙媒本是渥洼种
