91852,春寒早朝·千载江湖今又归
167840,春寒·人道春寒早系舟
73979,春寒·十日春寒早闭门
914523,春寒早朝
