804988,三谒庞士元墓 其二
