571238,感时思乡二首答李慱厅仍用前韵 其二
