627449,梦还濠弦草堂
9691,自东都还濠州奉酬王八谏议见赠
1182958,自东都还濠州奉詶王八谏议见赠
