707874,行香子 其一 登斋中小楼
60617,清明日风雨过士登斋中小饮得花字
472466,清明日风雨过士登斋中小饮得花字
332738,行香子·登斋中小楼
722777,行香子 登斋中小楼
