859449,明州钱君倚众乐亭
216214,明州钱君倚众乐亭
