159626,胥集贤复旧官
894192,胥集贤复旧官
