317158,游莱园·门巷阻幽竹
