435697,集古 送客之南宫
794487,浪淘沙 集古送张湘兰之湖南
435644,集古 送客之江陵
350641,浪淘沙·集古送张湘兰之湖南
436672,集古 送春
435704,集古 送行
435652,集古 送客之荆南
