797335,百字令 先大人周年苦奠作
