145724,南征·圣皇神武志规恢
342426,次万为别驾元旦即事兼以志规
540287,寄用晦君颇事丹术聊此志规
568919,答汪子且志规也 其二
568920,答汪子且志规也 其三
684026,答汪子且志规也
568918,答汪子且志规也 其一
