294012,人月圆·秋光何似春光好
