214007,朝日一曝背
859635,朝日一曝背
