627056,游牛首山 其二
1085957,望石首山 其二
616052,同侯晋阳司马程六无山人游牛首山 其二
