56338,夜归忆邻舟女郎
647193,夜归忆邻舟女郎
