623395,祝栖壑老和尚七十初度
443747,忆江南 次韵和壑老，并呈小薇、仰斋二师
