1090600,家酿新熟分送小壶 其一
