143558,满江红·千里酸风
225947,满江红·千亩君封
239572,满江红·千古凄凉
164217,满江红·千古襄阳
244324,满江红·千种繁春
122110,满江红·千古东流
