353946,送吴师常·吴君久羁旅
