512740,海雠行
