803184,十二辰诗并序 其三 虎
