257308,姑山晚照·嫩寒篱落似江村
