314012,一剪梅·小窗
185040,瓶中梅·小窗水冰青琉璃
769599,一剪梅·小窗
854524,以诗句咏梅 小窗斜日两三枝
