251450,金缕曲·寿家耐诚师七十敬次周匏叟前辈韵
464325,金缕曲 寿家耐诚师七十，敬次周匏叟前辈韵
