914802,寄题程元成给事山居三咏 其一 葵心堂
