602738,同吴子福访黄山人不遇
