897190,庚辰腊八日大雪二首 其一
897189,庚辰腊八日大雪二首 其二
