315483,晓发太原·鸣驺拥道出边城
