840077,桂平西山山居即事十首 其十
621675,春日山居即事十首 其十
554403,村居即事十首 其十
889049,初冬山居即事十首 其十
