1148556,郊庙歌辞 享节悯太子庙乐章 迎神
1148566,郊庙歌辞 享懿德太子庙乐章 迎神
1148628,郊庙歌辞 隐太子庙乐章 迎神
1148560,郊庙歌辞 享章怀太子庙乐章 迎神
