634543,西朋老居士七十一初度闻以放生为乐放生之报报在上寿仅广其意作二章以为公劝 其二
634542,西朋老居士七十一初度闻以放生为乐放生之报报在上寿仅广其意作二章以为公劝 其一
208571,简韩仲朋·老范好客老更豪
376036,无题·新朋老友聚一堂
703385,西朋老居士七十一初度闻以放生为乐放生之报报在上寿仅广其意作二章以为公劝
