204142,勉隐者·潺潺涧中水
