94306,读罪已诏·只道六朝窄
