799532,酬冀州判张君
