947155,使还咸熙馆道中作
245403,使还咸熙馆道中作
