1152360,对雪献薛常侍
32248,对雪献薛常侍
5003,对雪献从兄虞城宰
1167786,对雪献从兄虞城宰
