506565,送孙谟还钱唐兼柬其父孟博
609142,雨中再贻孟奇公干静父孟郁
