723453,征虏亭送新安王应令诗
41401,征虏亭送新安王应令诗
