106381,去萍草·童子携竹器
1135889,去萍草
