153065,周元翁·周郎强仕年
