737655,三间房
804328,三间房遇风
