546730,渡黄河抵吕梁再寄徐参知即景舒怀共十绝句 其十
