251003,遭围攻·行间搜索句间寻
1246936,病中辱周彦明吴彦冲下顾荒寂长篇短句间见层出懒拙不即奉答姑述唐律十解以谢 其六 和程仲仁
1253192,病中辱周彦明吴彦冲下顾荒寂长篇短句间见层出懒拙不即奉答姑述唐律十解以谢
1246937,病中辱周彦明吴彦冲下顾荒寂长篇短句间见层出懒拙不即奉答姑述唐律十解以谢 其七
1246931,病中辱周彦明吴彦冲下顾荒寂长篇短句间见层出懒拙不即奉答姑述唐律十解以谢 其一
1246939,病中辱周彦明吴彦冲下顾荒寂长篇短句间见层出懒拙不即奉答姑述唐律十解以谢 其九
1246934,病中辱周彦明吴彦冲下顾荒寂长篇短句间见层出懒拙不即奉答姑述唐律十解以谢 其四
1246932,病中辱周彦明吴彦冲下顾荒寂长篇短句间见层出懒拙不即奉答姑述唐律十解以谢 其二
1246935,病中辱周彦明吴彦冲下顾荒寂长篇短句间见层出懒拙不即奉答姑述唐律十解以谢 其五
1246938,病中辱周彦明吴彦冲下顾荒寂长篇短句间见层出懒拙不即奉答姑述唐律十解以谢 其八 寄题溪山一览亭
1246933,病中辱周彦明吴彦冲下顾荒寂长篇短句间见层出懒拙不即奉答姑述唐律十解以谢 其三
1246940,病中辱周彦明吴彦冲下顾荒寂长篇短句间见层出懒拙不即奉答姑述唐律十解以谢 其十 贺程用中弄璋
