677786,养蔬四首为汉府教授王先生作 其二
677785,养蔬四首为汉府教授王先生作 其一
677788,养蔬四首为汉府教授王先生作 其四
677787,养蔬四首为汉府教授王先生作 其三
