78270,舟中·捩柁柯桥北
