77496,新晴·寂寂房栊鸟雀声
