880042,送张端衡尉句容二首 其二
1109469,送张端衡尉句容二首
880043,送张端衡尉句容二首 其一
