534565,赫赫一章章十句　咏留侯也
