153432,老鹤叹·华表华表归来乎
966963,老鹤叹
