1082043,避寇即事十二首 其三
