275129,见说·见说妖星犯斗躔
