1041052,涵虚阁玩玄猿孔雀
591595,宋博士邀饮凭虚阁玩月
