1190802,题商山店
25611,题商山店
