323802,雨馀·雨馀宫阙映秋旻
155288,雨馀·雨馀平野绿
