362711,送邵元直·忆昔君家访
371949,教授喜雪·在昔君家信不痴
