172568,祀事·误被鸡催起
191353,伯兄挽诗·邻鸡催晓破秋天
81915,夙兴·喔喔老鸡催落月
