209173,戏调和鸣鹤
