177411,石头感古·夷甫诸人者
868106,石头感古
