30565,边将·剑光如电马如风
132784,挽诗·乐叟干将剑
