636205,赠棋僧守愚
