1188779,木芙蓉三首 其三
