957596,又和再寄二首 其二
957597,又和再寄二首 其一
