114318,见寄三叠·莲塘倒箭靫
127938,杂诗·方塘倒影青天净
