726826,咏雪应衡阳王教诗
