298780,旅店题壁·梦里年华客里天
91017,剑浦思归·韶华客里一番老
