797727,琐窗寒 和鹤潭大兄又村仲弟原韵
299020,琐窗寒·和鹤潭大兄又村仲弟原韵
