194631,喜雨韵·痴风盲雨骤难禁
263668,春寒·雌风盲雨争春国
