200354,三用韵·陡觉秋萧索
