130492,纪梦·宋时豪士石曼卿
