1038798,渌水辞
