356826,江南春·春寂寂
