1147715,释奠武成王乐章 迎俎酌献
