293572,访施尊师道场
