414611,校楚辞毕辄题其后
780291,念奴娇 十六夜对月读湖海楼词辄题其后
300912,校楚辞毕辄题其后
275323,元旦读邸钞辄题其后
789429,元旦读邸钞辄题其后
