578907,题渭川钓图
