413614,黄浦滩倚栏夜作
270237,重九感怀·寂寞凭栏夜未央
317400,黄浦滩倚栏夜作
