426371,韵和吕兆老“奉怀”长律
