994526,答刘正之见招四绝 其三
