602502,周公化过集渔阳署中适红药盛开共酌花下得重字
