1103392,还司即事 其二
