522876,始至白鹿洞
