755932,咏老榕树
