521455,送陈玉畴提学南畿
