234406,湖舟·箫鼓别船鸣
