16199,寒食内宴·朝光瑞气满宫楼
