1191323,奉使至邢州赠李八使君
10892,奉使至邢州赠李八使君
