570310,题张复画二十绝 其十八
