1063509,上漕使
1072046,上漕使生辰诗
