75107,归朝欢·画角西风轰万鼓
317454,纽约话旧·小饮红楼画角西
