611491,归兴诗六首 其五
