7469,昔游·昔者与高李
