345899,赋小诗·弹指三生过
192394,扇子诗·弹指花前一念差
