522967,咏乐溪
