961413,和陆郎中送出关 其二
