878214,又和八首 其三
