248543,杂诗·西山赤霞起
127153,山居杂诗·西山隐道室
