1182229,赠张籍太祝
21483,赠张籍太祝
