840743,翟家庄逆旅壁间澉上钓徒八绝绝佳依韵和之 其八
