572310,九月初五日得三弟京闱第三报志喜仍用散木韵践前约也 其四
