46623,短簿祠
484613,短簿祠
749106,红簿祠
380356,竹枝词·短簿祠前雪渐铺
