116825,华亭下·袅袅悲蝉古柳风
