1141315,陈公哲梅花百咏 其二
