871715,颜鲁公太师 其二
