199441,谒金陵武帅李奭时叩殿帅为易宪章求书碑
874382,谒金陵武帅李奭时叩殿帅为易宪章求书碑 其一
1092607,谒金陵武帅李奭时叩殿帅为易宪章求书碑 其二
1108313,谒金陵武帅李奭时叩殿帅为易宪章求书碑
