302635,忆秦娥·后湖
427574,忆秦娥 后湖
