657229,咏陈生际槎轩 其二
657228,咏陈生际槎轩 其一
