464885,更漏子 秋怨
