29438,涿鹿·涿鹿茫茫白草秋
308235,闻雁·万里黄沙白草秋
