451233,望仙门 其三
981355,望仙门 其三
451231,望仙门 其一
981357,望仙门 其一
981356,望仙门 其二
451232,望仙门 其二
