820862,菩萨蛮 其一 和立盦韵
820883,踏莎行 其一 和立盦，次小山韵
