689900,和客闺中四时曲 春
