221888,铃斋·乱离固多事
179448,定斋·乱叶不停风衮衮
