144656,秋浦老渔·秋浦老渔人不识
223139,渔人·不求豪富不求官
