844600,和陈怡萱女史忆梅原韵二首
837168,和陈怡萱女史忆梅原韵二首 其一
837169,和陈怡萱女史忆梅原韵二首 其二
