335694,有所思·春风应应至
