36304,寄朱放·望水试登山
