64866,向无心下竺维那卷
207269,春光好·心下事，不思量
189204,南歌子·心下悬悬地
379331,子湖有狗上取人头中取人心下取人足
1024249,子湖有狗上取人头中取人心下取人足 其三
485739,向无心下竺维那卷
1024251,子湖有狗上取人头中取人心下取人足 其一
1130368,子湖有狗上取人头中取人心下取人足
1024250,子湖有狗上取人头中取人心下取人足 其二
