803722,乌鲁木齐杂诗之神异 其四
