913798,德寿宫庆寿口号 其五
