321092,春归杂兴·双丸不肯驻颓光
382338,拟古·颓光无淹晷
