1101033,题邮亭
580619,次简宗敬题邮亭壁韵
646829,题邮亭壁歌
67562,题邮亭壁歌
334720,题邮亭·荆卿雄骨化为尘
