510498,与邝筠巢求兰 其一
510499,与邝筠巢求兰 其二
