49204,江上寄严八
485561,江上寄严八
