953082,寄芗林故人
221155,寄芗林故人
