1172296,赠郭驸马 其一
1194614,赠郭驸马
386555,赠郭驸马·方塘似镜草芊芊
1172297,赠郭驸马 其二
11977,赠郭驸马
