708208,满江红 其八 余淡心初度和梅村韵
763285,满江红 其六 偕余淡心过饮陈集生斋中喜周子俶秦留仙顾梁汾继集
263860,满江红·余淡心初度和梅村韵
