766550,祝英台近 人日
365942,祝英台近·人日
807158,红林檎近  人日雪中作
