83722,夜坐戏作·建苑夸豪如贵胄
1167971,奉饯高尊师如贵道士传道箓毕归北海
5206,奉饯高尊师如贵道士传道箓毕归北海
