951243,洪文惠盍簪帖赞
