633669,韶石舟中 其七
633672,韶石舟中 其十
633670,韶石舟中 其八
633668,韶石舟中 其六
633663,韶石舟中 其一
633665,韶石舟中 其三
633664,韶石舟中 其二
633666,韶石舟中 其四
633667,韶石舟中 其五
633671,韶石舟中 其九
