38693,山居·照水冰如鉴
