989466,山居杂诗九十首 其二十一
989457,山居杂诗九十首 其二十一
