1029119,韩知府挽诗二首 其一
868586,余知府挽诗二首 其一
