537659,纪戊午正月李公事有感 其四
570452,长兴哭子与归途即事有感 其四
615000,闻辽事有感 其四
