969015,饯赵文思崇鐖归上饶
