582877,榕阴对酌
