804491,赫山谒九龙神庙
