296492,金缕曲·春愁
967245,定情曲 春愁
