951641,卢助教质夫挽词二首 其二
924831,临川陈宪大夫挽词二首 其一
1051532,临川陈宪大夫挽词二首 其二
951642,卢助教质夫挽词二首 其一
1049345,刘握大夫挽词二首 其一
924339,李简夫挽词二首 其一
1049334,吴大夫挽词二首 其二
1051448,李简夫挽词二首 其二
1049333,吴大夫挽词二首 其一
1049346,刘握大夫挽词二首 其二
924081,范丞相尧夫挽词二首 其一
924080,范丞相尧夫挽词二首 其二
