157649,丙子九月陈村避地三绝
1005758,丙子九月陈村避地三绝 其三
1005166,丙子九月陈村避地三绝 其一
1005167,丙子九月陈村避地三绝 其二
1128364,丙子九月陈村避地三绝
