602819,过姚洪胪市隐园
