1035205,水调歌头 送赵阆州希异之官
708470,减字木兰花  和软亭题赵阆仙膳部小像
845736,水调歌头 寿赵阆州五月初五
