1135986,次韵恢大山拟古三首 其二
