29287,送黄宾于赴举
1180602,送黄宾于赴举
1169378,送黄宾于赴举
