949088,双头莲 双调
