670225,阁夜示茂秦 其一
