904339,北田梅
757694,疏影 徐懒云明经索画梅为赠题此志，愧用玉田梅影词韵
192286,北田梅·乱插繁花霁影中
