141352,题挂剑图·当年许与有谁知
