326584,次祝泽之表兄韵送刘子晋归省
1087648,送祝泽之表兄还乡
1087647,次祝泽之表兄韵送刘子晋归省
1087646,次祝泽之表兄韵
327218,送祝泽之表兄还乡
