562271,巳酉元旦 其二
685374,巳酉元旦
562270,巳酉元旦 其一
