111206,凝碧亭·四面山屏叠万重
23405,溪亭·溪亭四面山
