883167,梁山刘制参园亭
184245,梁山刘制参园亭
