957377,晓枕三首 其一
87169,艾人六言·欹枕三彭暂去
1036794,晓枕三首 其二
203646,午枕·三杯未醒复三杯
56617,书事·伏枕三旬不整冠
192731,琴枕·三尺焦桐称醉眠
957376,晓枕三首 其三
1121837,晓枕三首
