126107,赏梅·酒中渍后香犹烈
1036210,减字木兰花 五月二十四日会于无咎之随斋。主人汲泉置大盆中，渍白芙蓉，坐客翛然，无复有病暑意
