942241,题适安清湖寓居
231229,题适安清湖寓居
899790,题适安隐居
169099,题适安隐居
