156545,直宿·春风夜急铜龙漏
