157537,二老亭·人与松俱老
84546,东篱杂书·身与春俱老
77227,初夏书感·春与人俱老
