558423,寄钟狂客
690273,送钟狂客应荐北行
581059,送钟狂客应荐北行 其一
511156,读世卿荩卿挽五羊钟狂客卷次韵
580961,送钟狂客应荐北行
581060,送钟狂客应荐北行 其二
