541697,送李次溪制台奉召入理京营 其一
