959194,谢葺芷和韵
209017,谢葺芷和韵·无诗不言酒
