87954,工部弟哀诗·忽然吹散恨难平
230760,和人牡丹·桃源分散恨无期
