541742,说经台别子成兼订峨山之游
