794818,满江红 题烛溪叔祖“蓬窗听雨图”
