1206833,述怀寄光远并简城南诸友二首 其一
