521421,春江漫兴
