1086612,次韵蔡瞻明木犀八绝句 其二
