1006550,义乌道中二首 其二
998944,次韵木蕴之状元义乌道中一首
1128463,义乌道中二首
242669,义乌道中·小雨山寒占麦秋
156067,次韵木蕴之状元义乌道中
242672,义乌道中·溪头石佛泗洲身
1006551,义乌道中二首 其一
