173466,赠棲贤僧·暖风吹律百花新
