1115170,方虚日斜再行宿乌山二首
914052,方虚日斜再行宿乌山二首 其二
914053,方虚日斜再行宿乌山二首 其一
