388521,答寄李惟贞侍御
538052,答寄李惟贞侍御
