226650,松风阁韵·杨柳阴中啼杜鹃
