516559,题潇湘八景 其五 平沙落雁
516560,题潇湘八景 其六 远浦归帆
516558,题潇湘八景 其四 潇湘夜雨
516557,题潇湘八景 其三 江天暮雪
516555,题潇湘八景 其一 洞庭秋月
516561,题潇湘八景 其七 山市晴岚
516562,题潇湘八景 其八 渔村夕照
516556,题潇湘八景 其二 烟寺晚钟
