846112,庆灵椿/摊破南乡子 夫人生日
