263646,重阳登高·最是高难问
220919,中峰·嵩高最高处
