238076,归燕·营巢生计失
