365955,凄凉犯·秋暮登陶然亭
