379872,送束申甫任江陵教因寄书台时录荆之广西宪幕
857001,送束徽之入京
195795,送束徽之入京
1141912,送束申甫任江陵教因寄书台时录荆之广西宪幕
