772496,赋得楼台倒影入池塘
