1079683,汴上作
329211,汴上作·不使西风便解维
189914,赴杭倅至汴上作
982392,赴杭倅至汴上作
