288468,浣溪沙·泪缕愁丝款款抽
279602,杨柳枝·千缕愁萦更梦萦
