1137466,送李际可婺源学录 其二
