648715,早出安定门
