530903,元宵宿北岩开公房
304386,梦断·梦断残宵宿雨收
