46400,为柳亚子题诗
