568499,次韵荅介溪
