333524,将游栟榈·栟榈百里远沙溪
331661,将游栟榈·栟榈闻说自栟榈
1077245,将游栟榈二首 其一
1077246,将游栟榈二首 其二
1114000,将游栟榈二首
