45758,浣溪沙·芳草年年记胜游
905307,假守睢阳吕愿中叔恭机宜祥符刘襄子思通守鄱阳朱良弼国辅经属建安陈廷杰朝彦因祈晴乘兴游中隐岩留题以记胜游
