983063,访古村彦高不值留竹间
151900,访古村王彦高不值留竹间
