462098,鹊桥仙十四首 其十一
