976793,耆英会 其一
673655,耆英会 其一
