939150,辛巳老人生旦
