438232,醉经斋为虞乡麻长官赋
382348,閒眺·雨过桑麻长
258085,醉经斋为虞乡麻长官赋
