997790,酹江月/念奴娇 寿太守母八十正月初一
