1246281,复用韵荅严上人 其一
1241361,重用韵荅严上人 其一
