354669,醉极有感·饮极人之乐
1052247,醉极有感
