230779,次督洗泯韵
