101897,马别主·马别主兮
