237996,月夜独坐·坐久不闻人语喧
