447794,冬夜独饮不寐，简倪君
