868511,送吕子阳二绝 其二
453869,浏阳二绝 其二 谭嗣同故居书房
