50415,海估行·偃月堂空罢舞尘
