172330,沁园春·冬夜如年
