305859,睡起·睡起袪疲一欠伸
