1107389,挽虞齐年运使
867339,挽虞齐年运使 其二
909301,挽虞沧江提刑 其三
1114725,挽虞沧江提刑
1003893,挽虞提干仲房
1234096,挽虞薇山先生
909302,挽虞沧江提刑 其二
1219289,挽虞彦高
224790,挽虞齐年运使·曩把司农节
163571,挽虞提干仲房
239316,挽虞夫人·欲说夫人事
909303,挽虞沧江提刑 其一
867340,挽虞齐年运使 其一
1000452,挽虞夫人
224786,挽虞齐年运使
164440,挽虞沧江提刑
1091862,挽虞丞相
