641345,十月廿五日古城对雪有怀吕簿
162839,水调歌头·落日古城角
1240397,秋日古城叶希圣见访
72841,秋日古城叶希圣见访
