349399,再开芍药·一番风信作花先
