124125,冯公哀词·华殿推名学
