215076,浣溪沙·风入枯藜衣袂凉
