176215,征人妇·西风吹老碧桐秋
203623,岩桂·西风吹老碧莲房
67224,过洞庭·西风吹老洞庭波
