303107,七哀·燕赵不可游
