133655,与孙宣教·作别江头五载余
