331548,季言送余至湖外欲往无为挈其姊旅榇归锡山悯其勤赠此一绝
1077674,季言送余至湖外欲往无为挈其姊旅榇归锡山悯其勤赠此一绝
