210676,何氏书堂·千岁松阴护一亭
