637478,宠章纯孝为晋府世殿下作
