486374,宫词一百七首（录七十首） 其六十五
