431536,沁园春 论词，示梦野
422673,沁园春 其一 论词，示梦野
313735,沁园春·论词，示梦野
