1167096,沙堤行呈裴相公
15948,沙堤行呈裴相公
