790019,述怀二十首 其十九
790006,述怀二十首 其六
790010,述怀二十首 其十
790008,述怀二十首 其八
790017,述怀二十首 其十七
790012,述怀二十首 其十二
790014,述怀二十首 其十四
790020,述怀二十首 其二十
790002,述怀二十首 其二
790009,述怀二十首 其九
790004,述怀二十首 其四
790007,述怀二十首 其七
790013,述怀二十首 其十三
790015,述怀二十首 其十五
790001,述怀二十首 其一
790003,述怀二十首 其三
790005,述怀二十首 其五
790011,述怀二十首 其十一
790016,述怀二十首 其十六
790018,述怀二十首 其十八
