24745,宛陵寓居上沈大夫·溪树参差绿可攀
898303,题安州张全翁大夫溪图
117093,题安州张全翁大夫溪图
