1227480,题露台夜炷图
