582935,赠锦衣卫千户 其二
582934,赠锦衣卫千户 其一
