712419,送林赤见北上兼柬吴山带
