525557,蝶恋花 巴陵山行
364045,女贞花·巴妇能专利丹穴
