594339,罗山九可诗 其六 可蔬
