582085,登八角亭亭在州学后山半
