155628,思归·五载怀归不得归
101686,赴都·载怀朋情
