360134,岁暮怀人·采石矶头太白楼
