631232,庞若云招游亦庵有怀梁同庵
817983,退省庵有怀彭刚直
302260,退省庵有怀彭刚直
