285825,浪淘沙·顷刻恨重重
