440402,读史绝句八章 其五
