1205797,清平乐 题渔父图
491470,渔家乐题渔乐图为曾朝佐郎中赋
