827832,晓因一病将及三年用特效药后幸有转机写示五首 其四
