76099,极相思·江头疏雨轻烟
