1029304,别曹教授三首 其三
