1146446,读庾信集
31207,读庾信集
