830817,辛酉重九日舟中赋示泽人
