370756,万寿诗·璇宫晓色丽新晴
165498,多丽·新秋近
45389,美丽新世界
265422,咏初桃诗·初桃丽新采
361991,宫词·高丽新贡欲还朝
