115562,自遣·是非得失一区区
