335670,再和子固·老年不入少年场
