348099,琅琊道中·山头腊雪未全消
