241696,和子进六言·夜静碧天如水
286697,忆江南·游丝细，人静碧纱窗
275678,桂枝香·千峰静碧
