101162,乐园·青山在屋上
339117,千顷云·青山在屋下
130695,似戴时芳·丰山在屋前
