665528,河上行
