708349,一落索 其二
1242246,一落索 其一 新柳
949075,一落索 其二 双调
884695,一落索 其一
1005972,一落索 其一 蒋园和李朝奉
938520,一落索 其一
917149,一落索 其一
708348,一落索  其一 小窗夜坐用周美成韵
917150,一落索 其二
884694,一落索 其二
852676,一落索 其二
857977,一落索 其二
937396,一落索 其一
1242247,一落索 其二 新柳
882266,一落索 其三
1005971,一落索 其二
882267,一落索 其一
882265,一落索 其二
1004439,一落索 其二 歌者索词，名之一东
1004438,一落索 其一
938519,一落索 其二
857978,一落索 其一
937397,一落索 其二
852675,一落索 其一
949074,一落索 其一 双调
