770936,夏云峰二首 其二
