143709,蓦山溪·楼横北固
235149,蓦山溪·楼前疏柳
