122007,朝中措·海棠如雪殿春馀
367669,美人呵笔·冻笔能回雪殿春
