289937,清平乐·寄内，和韵
820787,清平乐 寄内，和韵
