569149,寿濮翁七十以翁子部将张云翼请也
1228694,挽潮州教授李以翁
