579900,送陈邦直司训之宜山
