92728,呈陆务·老桧如憧翠接连
679525,不遇贤宗务老诗以言情
