580246,闲居杂言集陶三十首并序 其十一
580253,闲居杂言集陶三十首并序 其十八
580251,闲居杂言集陶三十首并序 其十六
580259,闲居杂言集陶三十首并序 其二十四
750447,咏古三首和陶·三良
580242,闲居杂言集陶三十首并序 其七
688417,闲居杂言集陶三十首并序
845081,二十一日消寒七集拟陶三首
842529,二十一日消寒七集拟陶三首 其一
580249,闲居杂言集陶三十首并序 其十四
842531,二十一日消寒七集拟陶三首 其三
580258,闲居杂言集陶三十首并序 其二十三
580238,闲居杂言集陶三十首并序 其三
580264,闲居杂言集陶三十首并序 其二十九
580240,闲居杂言集陶三十首并序 其五
580254,闲居杂言集陶三十首并序 其十九
580257,闲居杂言集陶三十首并序 其二十二
580260,闲居杂言集陶三十首并序 其二十五
580243,闲居杂言集陶三十首并序 其八
580248,闲居杂言集陶三十首并序 其十三
580252,闲居杂言集陶三十首并序 其十七
580239,闲居杂言集陶三十首并序 其四
580250,闲居杂言集陶三十首并序 其十五
580261,闲居杂言集陶三十首并序 其二十六
580255,闲居杂言集陶三十首并序 其二十
580236,闲居杂言集陶三十首并序 其一
580263,闲居杂言集陶三十首并序 其二十八
580262,闲居杂言集陶三十首并序 其二十七
842530,二十一日消寒七集拟陶三首 其二
580247,闲居杂言集陶三十首并序 其十二
580256,闲居杂言集陶三十首并序 其二十一
580245,闲居杂言集陶三十首并序 其十
580241,闲居杂言集陶三十首并序 其六
580244,闲居杂言集陶三十首并序 其九
580237,闲居杂言集陶三十首并序 其二
