953497,春帖子词 皇后閤五首 其三
1074089,端午日帖子词 皇后閤五首 其三
953569,端午帖子词 皇后閤五首 其三
988176,淳熙六年春帖子词 皇后閤五首 其三
988187,淳熙六年端午帖子词 皇后閤五首 其三
