929006,村居即事三首 其一
