298271,招饮·密叶繁葩绿玉丛
