439941,虞美人 二月二日寄砚之
483413,二月二日寄友
247578,虞美人·二月二日寄砚之
72963,二月二日寄友
