966428,和山谷从张仲谋乞蜡梅韵寄吴明可
