361048,又成五言律诗
1007886,又成五言律诗三首 其一
1007885,又成五言律诗三首 其二
1007884,又成五言律诗三首 其三
1128693,又成五言律诗三首
