758872,望江南 其十一 杂咏
496646,望江南 其十一
403426,望江南 其十一 衣
836130,忆江南 其十一
763767,双调望江南 其十一 为友人悼歌姬桐月
833327,望江南 其十一
419727,望江南 其十一
834762,忆江南 其十一
419602,望江南 其十一
762697,望江南 其十一 红桥春游词
781448,哀江南 其十一
1036487,望江南 其十一
1036659,望江南 其十一
768786,忆江南 其十一 无锡华荔生春楼寄梦图
764390,忆江南 其十一
832703,望江南 其十一
835380,忆江南 其十一
1160833,忆江南 其十一
