1011435,金刚随机无尽颂 其五 不受不贪分第二十八
