67241,上命钦和山居诗
646262,上命钦和山居诗
