196582,端午·晓糁浦玉泛琼浆
118836,端午·晓起钟犹凝
