384043,青县道中·蓦地新寒雨后生
206091,池水久涸雨后生莲偶作
907755,池水久涸雨后生莲偶作
1231742,仲春雨后生寒有怀篬筤室
1099004,雨后生凉络纬声清可爱
