54651,咏怀·兹岁忽云暮
277004,雪和君直·急景忽云暮
