896612,崇宁壬午临汝四月始闻莺二首 其一
896611,崇宁壬午临汝四月始闻莺二首 其二
1112708,崇宁壬午临汝四月始闻莺二首
