253470,送刘彦美·吾党之子来何独
244467,太清舞·渔舟之子来何所
