80617,累日倦甚不能觞客睡起戏作
793887,长日倦甚因书所见
279875,长日倦甚因书所见
934151,累日倦甚不能觞客睡起戏作
