737330,次韵酬汪宫赞
1045136,送汪宫教
