33074,寄僧寓题
512987,与施北野小叙僧寓
1184761,寄僧寓题
