241093,念奴娇·南昌奇观
