1212166,令狐学士金莲图
