169878,病后寄郑自正
534502,病后寄舍弟
1132594,病后寄开甫
941180,病后寄郑自正
255918,病后寄开甫
553605,病后寄同志
