153768,次韵古梅·独立枝南万事非
