15665,秋夕贫居述怀
1188970,秋夕贫居
1178158,秋夕贫居述怀
32755,秋夕贫居
