125537,锦亭晚瞩·长夏宜高明
