212707,慈济行祠·上人栖息地
866056,慈济行祠
