330552,早春次韵·乍暖先催柳
336876,元日·八风占岁暖先催
