240917,雨多极凉冷
1025921,雨多极凉冷
