757697,忆旧游 题万小廉招香唤玉图
744333,横溪访招香浦不值晚遇石门舟中有作
