1148852,奉和春日二首 其一
1148853,奉和春日二首 其二
