797378,满江红 韵玉六妹赴陕，赋此送别
269578,满江红·韵玉六妹赴陕，赋此送别
