284166,浮生杂咏·田郎落落矜言笑
241747,郊居杂咏·田家何所乐
