651856,神州八景 其六 蓟门烟树
1213533,咏神京八景 其六 蓟门飞雨
