802434,庚子落叶词同李亦元王聘三作 其八
