1160031,平齐行二首 其二
1160030,平齐行二首 其一
1194087,平齐行二首
261139,北齐行·天保大人袭世贵
731154,博罗齐行
14815,平齐行·胡尘昔起蓟北门
439217,北齐行
14816,平齐行·泰山沉寇六十年
