602299,贰吴再期忧在鳏旷今践故秩兢惕中怀和荣木四章庸自策励云尔
