1155682,新雪二首 其一
