294754,秋柳韵·晓凉清露渍罗衣
