1045938,和赏申氏园海棠
329594,和赏申氏园海棠
