41852,满庭芳·鏖战文场
