274988,九日登酉山
747011,九日登酉山
