705720,金陵篇用李空同汉京篇韵
535470,拟汉京篇
523174,汉京篇
