916536,双雁儿 其二
