295051,烟柳·万缕千条绾别情
326384,柳·万缕千丝织暖风
