1026522,登城楼呈子华
159980,登城楼呈子华
