181669,出峡三绝·呼儿携妇裹书编
1142294,岳君举用东阳法酿酒味颇蕴藉长儿携归偶得数语
