903669,江神子 其三
