1148389,建州人歌
