173872,柳梢青·笑菊欺梅
