358721,母氏诞生之日得家书喜不自胜形于鄙句
953108,元日得家书喜
221222,元日得家书喜
1059673,母氏诞生之日得家书喜不自胜形于鄙句
