249856,微雪·微雪细如霰
