567160,画笋遗许口北
