500447,送刘生仲孚
