340313,赠程秀才·莎径莓墙枳棘篱
255152,定风波·枳棘篱头野雀喧
170788,臧洪·帝家安邑棘篱中
