772014,凤山崎归途口号
772085,凤山崎归途暮望
