609071,送太保尚书郑公巡边
