746539,游道士谷 其二
746538,游道士谷 其一
