454845,一萼红丁亥岁杪偕京战游云南，途于思茅南郊无名山谷流连竟日。此地亦有人称八十号，林径幽深山水奇绝，时动清兴约同赋之，归后三日勉得此解
793305,己亥病后作
42078,已亥杂诗·何须宴罢始留髡
1131121,辛亥三月十八日游御河二首
729492,己亥杂诗 其一○二
348452,丁亥十月·长亭衰柳晚萧萧
838708,辛亥冬日与徐蕴山、胡君湘游南山寺
785934,己亥杂诗 其三十二
306972,破阵子·辛亥回国避乱淞北人事变迁除夕忆星洲风景颇念异乡之乐
1243703,冬景十绝（李从道丽泽诗社出题至治己未至己亥四十年矣） 其三 霜天晓角
317999,辛亥夏·交魂通梦八年馀
304317,自辛亥八月乘京汉车南下今岁四月复由此路北上感赋
433706,辛亥西城寒食之会，观岱为良赉臣、吴绶卿二烈士作画；寒厓孙先生自兰州到京，亦当日座上客。思之黯然二首
961694,辛亥上冢
252406,水调歌头·丁亥腊月雨夜中大北门珠江畔漫步并看『金海湾』楼盘
729485,己亥杂诗 其六十二
55880,乙亥季夏还山居偶兴
440171,鹧鸪天 丁亥仲冬与青凤江南猫儿金水乐乐游西湖题赋嵌江南“碎叶红铺软似泥”句
785959,己亥杂诗 其五十七
1253266,腊月癸亥立春喜晴三首
622138,舟夜守立秋　交节以十三夜亥二刻
729437,己亥杂诗 其二八○
698847,乙亥元日雪酌梅花馆
415663,丁亥除夕有感
489800,正己亥冬客杭有客持毛袜去久不见还因戏赋以自解
515230,弘治辛亥岁仲冬念五日在万山观作
468373,辛亥冬十月九日从余兄原礼及陆好问刘主敬同登萝岩倚圣屏憩禅庵饮清凉池临筀竹湾谒龙湫玩仙李遂宿绝顶看月明日南俯大小车岩望东西二岭还北崖瞰石龟石笋复游眺久之乃下山所得奇胜赋长句五首 其一
403386,惜余春慢 乙亥八月廿二日题自摄小影
497811,丁亥(1)南山登高 其四
356857,百字令·得少符吴中书，赋此答之，丁亥试灯日也
729454,己亥杂诗 其三○七
42032,已亥杂诗·此阁宜供天人师
405700,亥年残秋偶作
605586,癸亥榕溪灯夕谣 其八
562316,辛亥岁烧灯日张彦皋携酒相过与杨鸣鹤丁一鹤陈仲谋及诸门生十有二人共饮回以笙歌归院落灯火下楼台分韵赋诗余得归字
251827,丁亥初夏次韵赠力夫兄
786005,己亥续怀人诗 其十四
549305,癸亥冬得告西还途次漫赋 其三
730091,馀故里无家久寓吴下去年于马医巷西头买得潘氏废地一区筑室三十馀楹其旁隙地筑为小园垒石凿池杂莳花木以其形曲名曰曲园乙亥四月落成率成五言五章聊以纪事 其四
281894,辛亥秋感·鸿雁来还去
42264,已亥杂诗·金銮并砚走龙蛇
310830,好事近·辛亥元日
41973,己亥杂诗·吟罢江山气不灵
829149,八六子 为遐翁作罔极图卷，丁亥十月送翁南归志别
729752,甘州  余少识刘梅史于武昌，不见且二十年。辛亥余为淮南盐官，梅史自吴来访，秋窗话旧，清泪盈睫，其漂泊更不余若也
827148,减字木兰花  己亥七十二岁 建国十周年国庆恭献俚词二首 其二
883955,辛亥二月望祭斋宫因游甘园 其三
1039566,辛亥上巳会许公亭
522041,甲戌定庵生日涯翁有八十三回秋月圆之句乙亥仍用韵但改三为四约岁赋一篇今年未及赋而捐馆追用翁意奉补此章僭不自量正可发寿筵之一粲也
950547,至鄂期年以饟事不给于诗己亥夏五月廿有八日始解维雪锦夜宿兴唐寺繁星满天四鼓遂行日初上已抵浒黄洲几百里矣午后南风薄岸舟屹不能移延缘葭苇间至莫不得去始作纪事十解呈旧幕诸公 其七
444810,诉衷情·丁亥岁末和时新先生
713268,乙亥除夕同袁密山史蕉隐蓝公漪集王紫诠使君寓斋次东坡元旦立春韵三首时余以夜禁先归 其一
364958,己亥杂诗·环门松竹喜相迎
729420,己亥杂诗 其二五七
785954,己亥杂诗 其五十二
729452,己亥杂诗 其三○四
150411,辛亥夏余将广旧庐偶读栾城李方叔新宅诗篇是
687845,辛亥大寒梁塘道中有作
195491,丁亥岁除前二日书事
125697,生日吟·辛亥年
635055,癸亥初春与诸同学游三昧涧分得吟字
41943,己亥杂诗·卿筹烂熟我筹之
299835,辛亥秋遇沈从弱于石埭遂往白门
876816,辛亥去国陈宗之胡希圣送行避谤不敢见希圣赠二诗亦不敢答乙卯追和其韵 其二
42052,已亥杂诗·古愁莽莽不可说
465856,辛亥革命八十周年纪念
409580,癸亥杂感（四十三首选十二） 其六
1132122,嘉熙己亥大旱荒庚子夏麦熟
489766,自钱塘附漕舟汎海至石墩时至正乙亥嘉平廿三日
845087,辛亥三月薄游台湾主雾峰之莱园献堂三兄属题园中名胜得十二绝句 莱园
785965,己亥杂诗 其六十三
619945,己亥中秋偕社中诸子登元魁塔会被饮文昌阁笙歌备奏群英咸集赋以纪之 其七
456978,读己亥杂诗
301126,己亥秋日·秋入疏槐想汉宫
604517,癸亥元日试笔 其二
804909,癸亥春仲丁道南祠释莱和昆陵黄云孙韵
214483,己亥中秋·此行不负中秋夜
909618,点绛唇 辛亥饯陈次贾归
756868,六姊孙俨箫没于丁亥家难为赋一诗
41986,已亥杂诗·杭州风俗闹兰盆
729313,己亥杂诗 其一○五
452114,丁亥九日与中镇诗友登霍山相约步小杜齐山登高韵
523610,丁亥寒食柬养素
707709,己亥元旦喜雨
440172,鹧鸪天 丁亥仲冬与青凤猫儿琳瑛于杭州刘庄夜宿联床约赋
365671,己亥杂诗·一夫奋臂万人呼
135642,小溪道中时己亥荒甚
1234757,颖川赵琏从予游逾二载复同夜坐草亭考索理义始至大辛亥十月癸未至皇庆壬子五月癸丑而止诵讲之馀时相与步武庭中倚树凝立仰观俯察莫匪佳趣间以所见辑成韵语得十馀篇于琏之行书以赠之
475210,癸亥暮秋遣祀山陵恭览七陵御寝二首 其二
729461,己亥杂诗 其一二五
281905,辛亥秋感时客龙江
296838,辛亥冬日与徐蕴山、胡君湘游南山寺
500712,益都城北三十里有邮亭名白羊铺壁间石刻张梦臣学士诗一首乃至大辛亥未第时所作其诗曰迢迢长日路途间两字功名抵死难岂为身荣爱奔竞正缘亲老逼饥寒云霄附凤心徒壮客馆无鱼铗自弹百亩薄田容易办也应无梦到长安仆因次韵书事
467383,秋夜月 丁亥中秋二首 自语
729310,己亥杂诗 其一○一
372882,辛亥八月十六日夜复值阴晦
709248,丁亥初春重游甘竹中途留宿岑六
823381,八六子 其一 为遐翁作罔极图卷，丁亥十月送翁南归志别
1143400,丁亥岁除前二日书事
729319,己亥杂诗 其一一一
521075,辛亥感兴六首 其二
42010,已亥杂诗·艰危门户要人持
102806,朱亥墓·昔日朱公子
562636,岁己亥正月十日大祀郊奉旨分献中镇
1039569,辛亥三月十八日游御河二首 其一
432850,辛亥春节四首选二
621553,丁亥春感
838452,己亥春日感兴 其五
41972,己亥杂诗·少年揽辔澄清意
729393,己亥杂诗 其二二五
838456,己亥春日感兴 其九
1193120,建中癸亥岁奉天除夜宿武当山北茅平村
296621,辛亥纪事·年华忧共水相催
42175,已亥杂诗·猛龙当年入海初
834661,辛亥三月薄游台湾主雾峰之莱园献堂三兄属题园中名胜得十二绝句 其九 万梅崦
879968,丁亥冬感怀寄赵章泉三首 其二
42063,已亥杂诗·温良阿者泪涟涟
404166,玉楼春·丁亥，一九四七年
549147,乙亥正月祝张华东年兄七帙
283093,丁亥孟春余自建昌飞还用硕果亭韵书示沪滨好友
364360,己亥杂诗·天下英雄聊种菜
365676,己亥杂诗·眼底尘惊世界微
42020,已亥杂诗·只将愧汗湿莱衣
619939,己亥中秋偕社中诸子登元魁塔会被饮文昌阁笙歌备奏群英咸集赋以纪之 其二
50208,辛亥除夕
729330,己亥杂诗 其一二七
551390,己亥元日 其二
729347,己亥杂诗 其一五一
372611,辛亥重九会安正堂
307803,长亭怨慢·乙亥三月初八日，大水冲城，往还阻绝，夜复风雨交作，因篝灯倚此
103306,嘉佑己亥岁旦永叔内翰
605595,正月十五夜奉迎邑侯雨中观灯雅集岁癸亥余尝为榕溪灯夕词十二章今采民谣复为甲子灯夕词十六章抚今追昔喜可知也 其三
289061,登大别山谒禹王宫，是辛亥激战之处，弹痕犹在
835883,壶中天 其一 己亥腊月二十五日，雪中忆西泠梅花
729416,己亥杂诗 其二五三
1075073,辛亥冬无雪天气妍暖如禁烟时书所感三绝句 其一
729345,己亥杂诗 其一四八
287087,朱竹君先生竹屋著书图乾隆己亥四月陈凤翔作
729399,己亥杂诗 其二三二
823967,采桑子 其三 丁亥岁暮即事
178971,癸亥生日前一日读神仙李清传作
246332,琵琶仙·癸亥上巳后二日小集冷香簃
733583,壬午出汴城五年不复经过丁亥计偕循内堤望坏垣有悲往事
445835,丁亥重九蝠堂命和小杜时斗全亦有霍山之邀因事未赴
427892,临江仙 己亥立冬前五日金平斋园中看作菊，高各八九尺，平生所未见也
677589,予以癸亥夏至雅之官舍雅素称多雨四山阴霭鲜见皎日初秋稍霁夜月倍明不觉跃然如晤交时亭中墙竹砌花颇茂有会于心为之赋诗一首
789690,辛亥岁暮杂诗二十首 其六
443194,西溪子 其一 丁亥霜降后十日西溪秋祭两浙词人祠
443960,丁亥中和节前一日风雨
409581,癸亥杂感（四十三首选十二） 其七
41961,己亥杂诗·翠微山在柘潭侧
755042,己亥生日哭先夫子
42068,已亥杂诗·浙东虽秀太轻孱
785931,己亥杂诗 其二十九
832300,东风第一枝 壬戌岁不尽十日立癸亥春，忆史梅溪、高宾王有词。爰和梅溪，并约六禾各赋
42238,已亥杂诗·荷衣说艺斗心兵
444066,鹊踏枝 丁亥端阳步冯正中“谁道闲情抛掷久”韵
562364,辛亥七夕五首 其二
446194,丁亥重九前四日偕北社诸子丘先生登梧桐山
627124,丁亥仲春余归自岭右暂憩乡园读杜工部秦州杂咏怅然感怀因次其韵 其六
42267,已亥杂诗·眼前石屋著书象
42065,已亥杂诗·径山一疏吼寰中
535134,癸亥之夏过休宁同宗川令尹程吴二友生游白岳二首 其二
765363,癸亥春夜与李二莪璋香小饮醉后有赠 其二
1247099,己亥岁避兵
42029,已亥杂诗·君家先茔鄧尉侧
415163,读《山海经》《天问》辛亥
407542,丁亥元旦试笔
444623,丁亥上元津门雪夹雨，晨接晦窗先生自寿诗，次韵和之
1004689,辛亥冬交石阻风三日
729240,己亥杂诗 其十二
409583,癸亥杂感（四十三首选十二） 其九
761070,卜算子 辛亥岁始春，故人治舟相约观梅于邓尉诸山，雨雪载涂，余以畏寒不出，因忆山中讨春旧游，次韵白石道人梅花八咏以示同志，一丘一壑自谓过之，若所作则伧歌无复雅句也。 其五
879141,洞仙歌 其一 癸亥生朝和居厚弟韵，题谪仙像
1143883,丁亥十一月初八日南至二首
313262,大江西上曲·丁亥七月十三日余远游西溟
619946,己亥中秋偕社中诸子登元魁塔会被饮文昌阁笙歌备奏群英咸集赋以纪之 其八
668657,丁亥元日次才伯韵二首 其二
693944,丁亥仲春余归自岭右暂憩乡园读杜工部秦州杂咏怅然感怀因次其韵
729501,己亥杂诗 其一五二
324215,辰州僻远乙亥十二月方闻秦太师病忽蒙恩自便始知其死作诗悲之
540144,岘山有朋寿堂盖为大司空蒋公刘公大司寇顾公筑也已已岁余与吴比部范太史嗣游焉吴与余俱丙戌范丁亥因题一绝以为四十年左證云
1228161,辛亥玉川问归
729289,己亥杂诗 其七十七
769327,阻雨二日与亥白搜剔武连轶事咏之得四首 其一 武侯坡
833492,桂枝香 己亥五月初七夜，寿平招同古微、逊庵观名伶桂凤演《宛城》一剧，赋此赏之
403576,蝶恋花 纪念辛亥革命七十周年，追念先兄元栋，会上即席写怀
834662,辛亥三月薄游台湾主雾峰之莱园献堂三兄属题园中名胜得十二绝句 其十 为献堂题万梅崦千步磴
691092,己亥中元陪祀山陵道中奉和杨学士先生韵四首
830417,乙亥元日
497816,丁亥(1)南山登高 其九
423960,百字令·马关春帆阁，甲午中日议订和约处也。辛亥孟秋东游经此，不胜感慨，因赋
627128,丁亥仲春余归自岭右暂憩乡园读杜工部秦州杂咏怅然感怀因次其韵 其十
1033859,嘉熙己亥大旱荒庚子夏麦熟 其四
42189,已亥杂诗·家公旧治我曾游
243394,丁亥冬大雪
42152,已亥杂诗·云英未嫁损华年
42094,已亥杂诗·经有家法夙所重
729514,己亥杂诗 其一九三
42106,已亥杂诗·醰醰诸老惬瞻衣
365653,己亥杂诗·费尽黄金匝地铺
729446,己亥杂诗 其二九二
42246,已亥杂诗·小楼青对凤凰山
909153,辛亥元夕坐间和刘景文韵 其二
41993,已亥杂诗·此是春秋据乱作
42174,已亥杂诗·不是逢人苦誉君
936110,绍熙辛亥九月四日雨后白龙挂西北方复雨三日作长句记之
42242,已亥杂诗·汉代神仙玉作堂
785997,己亥续怀人诗 其六
729302,己亥杂诗 其九十一
822323,破阵子 辛亥革命老人座谈会上作
41999,已亥杂诗·西墙枯树态纵横
713270,乙亥除夕同袁密山史蕉隐蓝公漪集王紫诠使君寓斋次东坡元旦立春韵三首时余以夜禁先归 其三
42151,已亥杂诗·惠逆同门复同藪
246479,曲江秋·丁亥孟夏曲江雅集
875356,辛亥各口占十绝 其一
566743,乙亥元日雪酌梅花馆 其一
802212,登舟一夕对酒偶成时从阅云梯关归清江浦丁亥十月 其二
41962,己亥杂诗·进退雍容史上难
685402,辛亥七夕五首
575487,万历乙亥秋九月，同诸将再登太平南山有作
729389,己亥杂诗 其二一九
729370,己亥杂诗 其一八七
499230,癸亥正月既望先大夫思轩公忌辰志感 其二
710137,己亥岁暮
729401,己亥杂诗 其二三四
843699,己亥春日感兴
42085,已亥杂诗·少年无福过阙里
619942,己亥中秋偕社中诸子登元魁塔会被饮文昌阁笙歌备奏群英咸集赋以纪之 其五
802913,八声甘州 癸亥七月既望，夜景冥郁，略无尘秽，同袁兰村登江亭
365686,己亥杂诗·莱佣酒保笑言欢
42048,已亥杂诗·虽然大器晚年成
312725,八声甘州·乙亥仲秋明尼亚波利斯城赏月怀乡
729498,己亥杂诗 其一四一
42240,已亥杂诗·作赋曾闻纸贵夸
42112,已亥杂诗·料理空山颇费才
42037,已亥杂诗·莱菔生儿荠有孙
729410,己亥杂诗 其二四六
316931,卜算子·己亥元日
1243705,冬景十绝（李从道丽泽诗社出题至治己未至己亥四十年矣） 其五 板桥霜晓
729249,己亥杂诗 其二十四
614824,癸亥立春先一日以册封之役再过东林 其二
42187,已亥杂诗·黄金脱手赠椎埋
1216829,癸亥岁八月十六夜对月
729404,己亥杂诗 其二三八
788542,己亥除夕梦中得句
838448,己亥春日感兴 其一
627283,丁亥元旦寓麟涌
729521,己亥杂诗 其二一三
838455,己亥春日感兴 其八
1114769,辛亥元夕坐间和刘景文韵
950699,己亥十二月十七日堂帖被召感恩二首 其二
1025787,满江红 其一 丁亥示庞祐甫
988020,丁亥岁予留建康梦登大桥仰视霄汉有金书阁字北斗落落布列其侧昨夕夜直坐石渠桥忽见七星低昂正倚秘阁而金书大字俨然梦中所见信知世事皆有定分非偶然也 其一
308437,东风第一枝·壬戌岁不尽十日立癸亥春
641751,癸亥岁旦贺正礼毕雨窗独坐有怀草堂
759977,东山感春诗，次己亥感秋韵 其五
42012,已亥杂诗·惠山秀气迎客舟
42138,已亥杂诗·登乙科则亡姓氏
318158,己亥钱驭少移居丹阳
384741,丁亥元日次才伯韵
309271,翠楼吟·己亥暮春病起，熊秉三丈招寓香山欢喜园，即在梦感泉半山双清别墅右侧
443659,乙亥重阳后一日访宝峰寺
785998,己亥续怀人诗 其七
422908,辛亥三月二十九日广州之役，余在北京狱中闻展堂死事，为诗哭之，才成三首，复闻展堂未死，遂辍作 其一
494489,己亥腊月十一、十二日，同职方朱正郎簠、赵副郎伊，连日冒雨雪视卜义阡，
729436,己亥杂诗 其二七九
330987,癸亥上元余谪藤江是时初开乐禁人意欣欣吴元预作纪事二绝颇入风雅戏和其韵
372875,辛亥三月十八日游御河
364954,己亥杂诗·丹楼彩日画中看
814863,浪淘沙 辛亥立春
605604,正月十五夜奉迎邑侯雨中观灯雅集岁癸亥余尝为榕溪灯夕词十二章今采民谣复为甲子灯夕词十六章抚今追昔喜可知也 其十二
42036,已亥杂诗·秋光明媚似春光
364362,己亥杂诗·无端苞拆复挼莎
561616,是岁己亥予贱生六十甲子矣感遇述情而作此诗
133184,淳熙己亥岁傅子渊劝予无弄文墨自是绝意笔研
710132,己亥书怀
819961,乙亥秋九月至旧京视散原先生日与心畬叔明立之伯夔君任羹梅过从寥志强志贻先询先诸弟自津沪来旧藏五十馀年陈酒由杭至京连日聚饮赋诗属和 其一
427888,蝶恋花 己亥立秋前九日呈湛翁湖上
625398,丁亥重阳悼阵亡将士
729530,己亥杂诗 其二五八
1231490,己亥南楼九日怀乙未九日将家过前陈北庄倏忽四载有感而赋
42228,已亥杂诗·文侯官冕听高歌
452699,丁亥岁末
957102,癸亥日泊舟吴会亭
524143,乙亥元夕忆旧柬边子卧病不会
789685,辛亥岁暮杂诗二十首 其一
388371,好事近·癸亥上元寄芳圃伯母、瑞蓉叔母
729259,己亥杂诗 其三十六
769173,月夜展读亥白兄书札
301125,己亥秋日有寄
42239,已亥杂诗·麟趾褭蹄式可寻
769265,登华阴庙万寿阁望岳同亥白兄作
970980,己亥十月送成父弟絜两户幼累归玉山五首 其二
789702,辛亥岁暮杂诗二十首 其十八
729433,己亥杂诗 其二七四
42083,已亥杂诗·臣朔家原有细君
840549,朱竹君先生竹屋著书图乾隆己亥四月陈凤翔作四首 其一
41978,已亥杂诗·生还重喜酹金焦
523647,乙亥立秋
42148,已亥杂诗·振绮堂中万轴书
42117,已亥杂诗·谁肯甘心薄幸名
313213,沁园春·丁亥十月十夜柏林客馆梦亡妇
751902,辛亥岁长至小寒节间罗四峰兄每从汉皋还菱湖楼居辄过敝寓留连置酒不减杜甫之于苏端也
298225,癸亥仲秋游狼山饭于白衣庵
729363,己亥杂诗 其一七九
963466,丁亥岁朝把笔
432416,辛亥三月二十九日广州之役，余在北京狱中，偶闻狱卒道一二，未能详也，诗以寄感
785911,己亥杂诗 其九
441085,丁亥杂诗 其一
750808,癸亥自夏徂秋偶有所得汇而录之既无次序亦不标题 其一
11120,建中癸亥岁奉天除夜宿武当山北茅平村
673955,嘉靖丁亥西湖草堂成五溪先生惠律次韵答谢
717452,乙亥生日病中作 其三
1243709,冬景十绝（李从道丽泽诗社出题至治己未至己亥四十年矣） 其九 纸帐梅花
234209,丁亥闰五月十日回自真圣道坊车中记事
423066,庆宫春 乙亥三月
627134,丁亥仲春余归自岭右暂憩乡园读杜工部秦州杂咏怅然感怀因次其韵 其十六
631507,丁亥腊尽台设禅人乞诗
42004,已亥杂诗·阿咸从我十日游
761067,卜算子 辛亥岁始春，故人治舟相约观梅于邓尉诸山，雨雪载涂，余以畏寒不出，因忆山中讨春旧游，次韵白石道人梅花八咏以示同志，一丘一壑自谓过之，若所作则伧歌无复雅句也。 其二
406922,丁亥九日，次苏堂韵
1109169,辛亥长至后二首
411576,己亥岁谒杜工部草堂放歌当哭一首
42167,已亥杂诗·嘉庆文风在目前
50209,辛亥除夕·湖海风云暗
994896,癸亥秋行县夜寓下生院倦甚慨然有归欤之兴戏用壁间韵以盟泉石
486869,风入松 癸亥端午
605603,正月十五夜奉迎邑侯雨中观灯雅集岁癸亥余尝为榕溪灯夕词十二章今采民谣复为甲子灯夕词十六章抚今追昔喜可知也 其十一
158435,辛亥九日晚登骑山楼
365670,己亥杂诗·乌呼碑下吊忠臣
785955,己亥杂诗 其五十三
303804,鹧鸪天·癸亥初春浔阳江干作
1098139,己亥十月晦大雷雨
619938,己亥中秋偕社中诸子登元魁塔会被饮文昌阁笙歌备奏群英咸集赋以纪之 其一
915082,己亥正月二日送李伯和提干归豫章
267689,婆罗门引·六月既望，水西小榭纳凉，忆己亥是夕龙树寺旧游。用梦窗韵
729365,己亥杂诗 其一八二
242945,辛亥二月望祭斋公因游甘园
42270,已亥杂诗·电笑何妨再一回
905046,己亥出南康宫伯称以诗赠行次韵三首 其一
1107382,癸亥秋陪张丞相游西湖和周去华机宜韵二首
713118,次答晋江郭君章君章祖都宪介庵先生乙酉主试吾粤先君列第七人先君殉节于丁亥先生殉节于戊子先后赠大司马君章以先生未归窀穸来粤求助世旧之感情见乎辞二首 其二
42054,已亥杂诗·北游不至独石口
158465,依韵奉和司徒侍中辛亥二月十五日
314946,望江南·丁亥春日，自题画竹赠家珠
365649,己亥杂诗·斜阳桥背立移时
280282,长谷道中丁亥
41691,念奴娇·辛亥新正五日
440973,乙亥暮秋自沪之京子夜车中口占 其二
729539,己亥杂诗 其二九四
236059,已亥出南康宫伯称以诗赠行次韵
1057269,恭和御制己亥十一月十三日南郊祭天斋宫即事赐诗 其一
370737,八声甘州·癸亥七月既望，夜景冥郁，略无尘秽
645971,癸亥元日
729449,己亥杂诗 其二九八
372879,辛亥七夕末伏
1244311,己亥六月初五日
627123,丁亥仲春余归自岭右暂憩乡园读杜工部秦州杂咏怅然感怀因次其韵 其五
763417,捣练子 其一 乙亥冬暮晓行
715675,癸亥长至前五日举第三子有作 其二
42090,已亥杂诗·论诗论画复论禅
1039577,辛亥七夕末伏
42047,已亥杂诗·苍生气类古犹今
384936,辛亥元旦·翘首蓬莱近紫宸
66402,洪武癸亥·荒原人家今少存
785973,己亥杂诗 其七十一
497812,丁亥(1)南山登高 其五
852403,辛亥孟秋戊子有虹下天绕飞泉山入东谷饮古井良久去作大雨咄之以诗
41990,已亥杂诗·一百八下西溪钟
1110716,辛亥二月望祭斋宫因游甘园
729380,己亥杂诗 其二○六
815231,癸亥三月薄游西湖时阮芸台开府杭州那绎堂尚书亦以谳事驻浙皆己酉同年也却寄以诗
729392,己亥杂诗 其二二四
559211,辛亥守岁
826612,鹧鸪天·余十余龄即往来吴越，其时江海晏然，单舸轻装，随处可泊。祖庭尝咏查初白风露一天人拥被，橹枝摇梦过春江之句。谓饶有水乡幽致。辛亥以来，南塘夜出，行客戒途矣
954691,岁在丁亥郊禋礼成皇帝登门肆赦获睹盛典恭成口号
448747,乙亥开岁挽吴勉堂教授
455619,壬子春词 其一 辛亥岁杪，与叶红自琼归省，旋于壬子春节结缡于广州，并同游肇庆，下榻鼎湖山，有作
57173,乙亥元日
364355,己亥杂诗·我是东西南北人
365675,己亥杂诗·万灯悬耀夜光珠
53416,丁亥二月奏进大明会典赐白金文绮宴于南宫仍
616687,乙亥初度前二日笃望侄余内侄衙轩小酌
729280,己亥杂诗 其六十四
729349,己亥杂诗 其一五四
729493,己亥杂诗 其一一三
455281,丁亥冬至游九寨沟童话世界
42050,已亥杂诗·从此青山共露车
820314,临江仙  己亥自江南归京邸
365663,己亥杂诗·华灯挂壁祝添丁
453737,鹊踏枝 读《唤云楼词》有游恭王府忽忆丁亥亦曾来此遂次其韵
677691,乙亥春日效长庆心身问答三首 其二 身答心
295946,辛亥冬日即事
422399,咏史一百三十首 其七十 朱亥
1030519,减字木兰花 癸亥元日，秀守刘卿任有词。时余适至秀，因用其韵二首，时初用乐 其一
364357,己亥杂诗·云中水火界相争
769307,武侯石琴同亥白作
785949,己亥杂诗 其四十七
55039,绍熙辛亥岁迁居星洲述怀
797620,念奴娇 癸亥元日作寄碧梧姊
305932,纪念辛亥革命七十周年
826083,戌亥去国图
729357,己亥杂诗 其一六四
690978,己亥中秋偕社中诸子登元魁塔会被饮文昌阁笙歌备奏群英咸集赋以纪之
539148,乙亥元日独坐试笔时余五十矣
769329,阻雨二日与亥白搜剔武连轶事咏之得四首 其三 觉院寺
1075075,辛亥冬无雪天气妍暖如禁烟时书所感三绝句 其三
773652,凤邑大昆麓庄内福德祠前一带基地被庄众侵占百馀年耕作菜园开池筑厕嘉庆乙亥1815陈君廷瑜首唱捐赀劝解庄人为之清出众皆悦之
878389,辛亥各口占十绝 其六
1235511,洪武辛亥南归重度梅关二首
195529,已亥岁归过泉口紫芝山伤谨讲师
729516,己亥杂诗 其一九八
405071,忆旧游 乙亥丙子之间，余客广州，颇极游赏之乐。戊寅秋日，违难粤西，风物有相似者，而粤东已化为异域，怆然不能已于怀也1938
568423,昨弘治辛酉南畿秋试获识吴江钱廷辅廷佐兄弟若联珠骈璧文采映射心窃赏之既别去无从晤言时时往来于怀今嘉靖丁亥夏廷佐以扁舟访予江村始知廷辅方应郡贡去而廷佐先领正德己卯乡荐矣转盻三朝垂三十载而予亦老矣为之感叹次韵奉荅
819845,辛亥八月二十五日舟过黄州
164584,辛亥元夕坐间和刘景文韵
729232,己亥杂诗 其二
605583,癸亥榕溪灯夕谣 其五
769488,水龙吟  戊戌小除立己亥春梦湘同作
1106839,予寓家龟溪赋廪郡故事郡将始至及其将行皆一奉谒予非异人也不敢异众故自壬戌三月至癸亥暮春计裁一年往来三宿何山寺退而自笑复自怜也质明将发纵观殿藏奥曲睹慧枢二士经营成立之迹私有感焉因赋二绝
610583,苦雨己亥有水
785995,己亥续怀人诗 其四
46387,乙亥中伏逭暑牯岭
780815,己亥杂诗 其一二八
365659,己亥杂诗·筚路桃弧展转迁
42185,已亥杂诗·白面儒冠已问津
627120,丁亥仲春余归自岭右暂憩乡园读杜工部秦州杂咏怅然感怀因次其韵 其二
430551,辛亥元旦
322679,入峡病中同亥白兄作
1074588,己亥十一月十三日南郊祭天斋宫即事赐太师
929249,绍兴癸亥余以进士来临安年十九明年上元从舅光州通守唐公仲俊招观灯后六十年嘉泰壬戌被命起造朝明年癸亥复见灯夕游人之盛感叹有作
929249,绍兴癸亥余以进士来临安年十九明年上元从舅光州通守唐公仲俊招观灯后六十年嘉泰壬戌被命起造朝明年癸亥复见灯夕游人之盛感叹有作
774452,辛亥1911年履端闻雷
42195,已亥杂诗·琼林何不积缗钱
299993,长亭怨慢·丁亥1947春感事
1137153,减字木兰花 其五 乙亥上元
106729,丁亥元日·元日如常日
883769,绍熙辛亥岁迁居星洲述怀
415133,秋夜怀远乙亥
1134337,丁亥十一月初八日南至二首 其二
254397,读己亥杂诗
1015219,辛亥春别湖上诸友
472655,己亥初夏
42118,已亥杂诗·怕听花间惜别词
495324,己亥元旦
769285,五月二十七日入栈值余生日戏作二律邀亥白兄及吕湘帆和 其一
729263,己亥杂诗 其四十二
816644,己亥江行
729277,己亥杂诗 其五十八
294084,玉楼春·癸亥暮春，友人过沪，旋飞去
729286,己亥杂诗 其七十二
816364,己亥杂诗
785971,己亥杂诗 其六十九
819962,乙亥秋九月至旧京视散原先生日与心畬叔明立之伯夔君任羹梅过从寥志强志贻先询先诸弟自津沪来旧藏五十馀年陈酒由杭至京连日聚饮赋诗属和 其二
1039586,辛亥重九会安正堂
42053,已亥杂诗·十仞书仓郁且深
994659,乙亥岁除渔梁村
605607,正月十五夜奉迎邑侯雨中观灯雅集岁癸亥余尝为榕溪灯夕词十二章今采民谣复为甲子灯夕词十六章抚今追昔喜可知也 其十五
729426,己亥杂诗 其二六四
1231670,洪武辛亥南归重度梅关二首 其二
811487,己亥五月二日东山大忠祠祝文信国公生日
31183,己亥岁感事
364374,己亥杂诗·树静风停梦不成
729242,己亥杂诗 其十四
443956,丁亥元夕贱辰感赋
461061,柳梢青 丙亥年初三从子云暮阑二公登水云楼次暮阑韵
430470,辛亥六月读白门悲秋集怀周君实丹三首 其一
404217,蝶恋花·丁亥九日，一九四七年
237926,伍相公库存丁亥被燬
785935,己亥杂诗 其三十三
729383,己亥杂诗 其二○九
42121,已亥杂诗·云英化水景光新
344862,已亥元旦早起坐候司晨邻鸡皆烹无一鸣者
729507,己亥杂诗 其一六九
785951,己亥杂诗 其四十九
416411,瑞龙吟    乙亥白下送春喜柳溪至又言别和清真
250421,丁亥九日与中镇诗友登霍山相约步小杜齐山登高韵
1215671,乙亥闰十二月重改仍至元
819004,己亥与章枚叔夜饮即送其之天津二首 其二
709296,己亥八月十四夜望月书怀
834729,甘州 乙亥除夕作
79083,予以壬戌六月十四日入都门癸亥五月十四日去
961912,辛亥夏余将广旧庐偶读栾城李方叔新宅诗篇是时子由方治第有余年七十无住著屋成可作十年客之句感而赋之
1205950,八月六日丁亥释奠孔子庙三十韵
270211,乙亥元日书怀
761073,卜算子 辛亥岁始春，故人治舟相约观梅于邓尉诸山，雨雪载涂，余以畏寒不出，因忆山中讨春旧游，次韵白石道人梅花八咏以示同志，一丘一壑自谓过之，若所作则伧歌无复雅句也。 其八
872330,丁亥冬大雪十数作邓清旷以苦寒吟见寄
743583,癸亥三月薄游西湖时阮芸台开府杭州那绎堂尚书亦以谳事驻浙皆己酉同年也却寄以诗 其三
364368,己亥杂诗·宰相表行多谱牒
785985,己亥杂诗 其八十三
381018,虞美人·丁亥秋八月十八日
702884,己亥清明陪祀皇陵二律和杨维新学士韵
42203,已亥杂诗·金釭花炉月如烟
330648,追忆大观丁亥年自新安侍下入宣城学路中作
785944,己亥杂诗 其四十二
566505,己亥清明陪祀皇陵二律和杨维新学士韵 其二
787526,辛亥九日，寄弟并序
769205,入峡病中同亥白兄作 其二
312452,浣溪沙·癸亥冬未为迎春诗会作
41955,己亥杂诗·著书何似观心贤
42217,已亥杂诗·多君媕雅数论心
729453,己亥杂诗 其三○六
517868,己亥人日
729285,己亥杂诗 其七十
1137406,己巳秋七月不雨人心焦然乃戊午斋宿致城隍清源渠渡龙君嶅山五神于州宅以祷始至雨洗尘自是间微雨辄随止旱气转深苗且就槁要神弗获某忧惧不知所出越癸亥日亭午率郡僚吏申祷于庭未移顷雨大挚旄稚呼舞皆曰神之赐也某既拜贶又明日以神归念无为神报者乃作送神之诗七章以侈神功且又以祈焉 其六
435040,乙亥过河
41984,已亥杂诗·乡国论文集古欢
785903,己亥杂诗 其一
729364,己亥杂诗 其一八○
427027,采桑子·辛亥七夕
765738,卜算子 己亥元日
751266,乙亥元日庐州作 其一
581958,癸亥岁晏漫成二首 其一
448667,逸老以定庵己亥杂诗注稿本见示
42049,已亥杂诗·欲从太史窥春秋
428454,癸亥九月偕程君颂嘉、王子云轩、顾子经笙、吴子干卿游青山寺纪之以诗三首 其一
627131,丁亥仲春余归自岭右暂憩乡园读杜工部秦州杂咏怅然感怀因次其韵 其十三
288279,癸亥杂感·每于枕上望天明
526784,癸亥杂诗八首 其三
250801,破阵子·癸亥春暮故宫怀古
1242891,癸亥立春，在壬戌十二月二十五日
551389,己亥元日 其一
561962,辛亥初度日偶成
288280,癸亥杂感·何事摩挲智伯头
175587,朱亥墓·闲登朱亥游侠墓
175587,朱亥墓·闲登朱亥游侠墓
729406,己亥杂诗 其二四一
283342,蝶恋花·癸亥岁朝闺兴
1204941,辛亥元夕二日
717453,乙亥生日病中作 其四
627125,丁亥仲春余归自岭右暂憩乡园读杜工部秦州杂咏怅然感怀因次其韵 其七
461398,丁亥秋事六章 其四 秋气
562362,辛亥重午
534836,己亥出京
217032,丁亥冬大雪十数作邓清旷以苦寒吟见寄
834657,辛亥三月薄游台湾主雾峰之莱园献堂三兄属题园中名胜得十二绝句 其五 荔枝岛上有歌台夕佳亭
710123,己亥秋日有寄 其一
364359,己亥杂诗·日光野马息相吹
290141,孙师郑先生见示乙亥元旦诗四律依均奉答
168231,己亥八月廿一日除书予拜太平兴国宫祠官呈赵
1211070,门帖子十二首 其四 己亥年门帖子
668743,辛亥除夕守岁
786000,己亥续怀人诗 其九
415360,辛亥春节四首选二 其一
1177527,春秋战国门 侯嬴朱亥
789686,辛亥岁暮杂诗二十首 其二
828454,乙亥七月初八日恭谒福陵昭陵敬赋
773653,凤邑傀儡山脚有溪曰排律其水甚大长流不绝原水路从北而出外溪突于嘉庆乙亥1815年溪门大塌水势直冲各处田园几变沧海大昆麓陈君廷瑜庄业也适瑜到即倡捐金赀劝勉番仔崙北旗尾埔头三庄业主均同捐金令佃人累石筑堤阔一丈馀长五六丈于是各处田园无致被水冲陷亦全无派累佃农分毫故庄人喜之而作此诗
42231,已亥杂诗·过百由旬烟水长
682939,癸亥之夏过休宁同宗川令尹程吴二友生游白岳二首
699080,己亥元日
41966,己亥杂诗·颓波难挽挽颓心
730251,朱亥墓（在朱仙镇俗称屠儿原）
47235,己亥初度
42218,已亥杂诗·三十年华四牡腓
465957,丁亥秋事六章 秋雨
364957,己亥杂诗·竟写梅边生祭祠
407920,辛亥秋感时客龙江 其一
403602,百字令 丁亥1947中秋前一夕，与诸公会宛春山斋，围尊待月
835304,浪淘沙慢 和彊村辛亥岁不尽五日韵
178970,癸亥春·荒村渺渺不知春
852420,季夏己亥大雨
1000554,乙亥纪闻
494476,己亥六月七日与九山诸同志游夹冈义庄
441083,丁亥仲春寄子南弱侯步如冰甲申韵
296104,山腴出辛亥春日苇湾禊集图卷属再题诗
1108937,辛亥各口占十绝
42265,已亥杂诗·诗人瓶水与謨觞
850740,己亥元日
732737,己亥江行 其三
364372,己亥杂诗·枯骨如龟识吉凶
772512,己亥南菜园落成主人偶作
499126,嘉靖巳亥南巡歌用韵 其一
581986,梦游白鹿书院时癸亥八月十有三日也
729367,己亥杂诗 其一八四
586945,乙亥春送上舍严仲弘归高明
785928,己亥杂诗 其二十六
786015,己亥续怀人诗 其二十四
265912,丁亥新秋，天慵复以诗来垂问鄙况
364960,己亥杂诗·左列牛宫右豕圈
627137,丁亥仲春余归自岭右暂憩乡园读杜工部秦州杂咏怅然感怀因次其韵 其十九
364959,己亥杂诗·花落庭空对紫薇
605593,正月十五夜奉迎邑侯雨中观灯雅集岁癸亥余尝为榕溪灯夕词十二章今采民谣复为甲子灯夕词十六章抚今追昔喜可知也 其一
364945,己亥杂诗·四百由旬道路长
420407,剪湘云 己亥初夏
287944,和师郑辛亥十一月诗史乙集刊成自题其后用原韵
324611,乙亥立春夜雨平旦大雪
939101,乙亥老人生旦
785990,己亥杂诗 其八十八
826961,鹧鸪天  乙亥四十八岁
580217,弘治辛亥五月廿九日世赏内翰访余于行台因留小酌联句二首 其二
521076,辛亥感兴六首 其三
526787,癸亥杂诗八首 其六
759663,己亥五月二日东山大忠祠祝文信国公生日 其三
482355,洪武癸亥以公事出会宁北境二首 其一
312724,莺啼序·乙亥飞美掠影
729322,己亥杂诗 其一一五
42095,已亥杂诗·麟经断烂炎刘始
1108594,辛亥去国陈宗之胡希圣送行避谤不敢见希圣赠二诗亦不敢答乙卯追和其韵
580216,弘治辛亥五月廿九日世赏内翰访余于行台因留小酌联句二首 其一
823215,望海潮 题香草簃辛亥书后，淮海韵
455668,丁亥夏，予有庐山、井冈、黄山之行，而无诗纪之，是秋重九，汇豪雅集，斯翰议步小杜原韵，欣然动兴，遂有是作
447021,丁亥人日往金堂看沱江，用盛元韵
541341,丁亥生日
495055,丁亥留节翁城，同诸公行长至礼
785921,己亥杂诗 其十九
619944,己亥中秋偕社中诸子登元魁塔会被饮文昌阁笙歌备奏群英咸集赋以纪之 其六
819009,己亥秋别天津有感寄怀严蒋陈诸故人四首 其二
287333,己亥除夕·国与年俱暮
786002,己亥续怀人诗 其十一
304437,乙亥七月初八日恭谒福陵昭陵敬赋
539306,戌亥之际有闻偶成一首
354557,二月己亥·尘土冥冥二月风
452590,八声甘州 丁亥夏至侍绿痕师登鼓浪屿，值延平郡王薨三百四十五年忌日
416359,三姝媚 乙亥上巳，乌龙潭修禊，分韵得满字，次梦窗都成旧居韵
704961,贺箕野七十一丁亥正月十三日
786001,己亥续怀人诗 其十
729434,己亥杂诗 其二七五
1188134,己亥岁二首 其二
635517,丁亥生日自首
818680,丁亥元夕用东坡韵
580212,弘治辛亥四月廿五日余访同年宪佥邹君济时于新喻之石上因留信宿酌酒话旧遂相与联句得三十六盖以写一时会合之情而未暇论其工拙也
42193,已亥杂诗·陶潜磊落性情温
867312,癸亥秋陪张丞相游西湖和周去华机宜韵二首 其二
308698,壶中天·己亥腊月二十五日，雪中忆西泠梅花
288303,癸亥杂感·万事传来不忍闻
731582,丁亥暮春游盘山便访拙庵上人
776404,辛亥1911季冬因东市场边元帅庙街一带民居尽行拆毁赋此志感
621299,癸亥除夕二首 其二
785968,己亥杂诗 其六十六
365651,己亥杂诗·梦回小坐泪潸然
729427,己亥杂诗 其二六五
562363,辛亥七夕五首 其一
501441,科举以滞选法报罢士无有为钱若水者何也予于胶西张起原坐上闻此语悚然予获戾甲戌冬而乙亥科举罢徒抱耿耿进退跋疐此古昔有志之士所以仰天泪尽者也感胡永文事赋廿八字凡我同志当为怃然
830541,辛亥除夕感赋时乞病留居兰州城
729267,己亥杂诗 其四十七
443149,柳梢青 丁亥元月再访水云楼后追赋寄硷斋步暮阑公韵
1015070,辛亥夏
365677,己亥杂诗·云为四壁水为家
372599,辛亥二月十五日
221783,辛亥夏·五月山窗拥绿阴
417531,鹧鸪天　癸亥秋识叶嘉莹教授，叶治吴词，颇有新解，见似人而喜，赋此 和敏庵得金陵织造府遗石
729506,己亥杂诗 其一六八
526789,癸亥杂诗八首 其八
470102,癸亥除夕
42232,已亥杂诗·大宇东南久寂寥
497807,丁亥(1)九日 其二
406269,乙亥夏日楼外楼坐雨
786010,己亥续怀人诗 其十九
1052542,二月己亥晓出城祀高禖 其四
549306,癸亥冬得告西还途次漫赋 其四
687303,乙亥警
416637,念奴娇  乙亥暮秋陶然亭题壁
42115,已亥杂诗·诗谶吾生信有之
909400,丁亥纪蜀百韵
789698,辛亥岁暮杂诗二十首 其十四
1229356,丁亥四月十四日陪尚书公泽民游祥符寺分得煖字
819013,己亥除夕选二 其二
637078,乙亥再复命退朝作
313972,沁园春·己亥十月重过何阜闻缪函九、豹文叔侄今年皆四十初度
605582,癸亥榕溪灯夕谣 其四
233153,元丰癸亥秋季赴官郴岭舣舟樊口与潘彦明范亨
42221,已亥杂诗·夹袋搜罗海内空
365669,己亥杂诗·几星十二遍周天
222492,乙亥老人生旦
744576,癸亥闰二月廿四日夜半由徐闻渡海至琼州
627136,丁亥仲春余归自岭右暂憩乡园读杜工部秦州杂咏怅然感怀因次其韵 其十八
729526,己亥杂诗 其二三七
429647,癸亥十二月十八日淩晨置酒奉宴太夷先生赋呈六绝句 其五
33984,胡亥·鹿马何难辨是非
729328,己亥杂诗 其一二四
271397,三姝媚·乙亥上巳，乌龙潭修禊，分韵得满字，次梦窗都成旧居韵
1052539,二月己亥晓出城祀高禖 其一
785915,己亥杂诗 其十三
951003,至鄂期年以饟事不给于诗己亥夏五月廿有八日始解维雪锦夜宿兴唐寺繁星满天四鼓遂行日初上已抵浒黄洲几百里矣午后南风薄岸舟屹不能移延缘葭苇间至莫不得去始作纪事十解呈旧幕诸公 其六
1137569,己巳秋七月不雨人心焦然乃戊午斋宿致城隍清源渠渡龙君嶅山五神于州宅以祷始至雨洗尘自是间微雨辄随止旱气转深苗且就槁要神弗获某忧惧不知所出越癸亥日亭午率郡僚吏申祷于庭未移顷雨大挚旄稚呼舞皆曰神之赐也某既拜贶又明日以神归念无为神报者乃作送神之诗七章以侈神功且又以祈焉 其五
422907,辛亥三月二十九日广州之役，余在北京狱中，偶闻狱卒道一二，未能详也，诗以寄感 其二
415361,辛亥春节四首选二 其二
721838,癸亥长至前五日举第三子有作
42130,已亥杂诗·图籍移徙肺腑家
1141425,辛亥岁七夕醉陪诸公登西湖竹阁
553204,洪武癸亥九月二日与府学赖先生登宋相王钦若墓既归作长短歌一首以示
455280,浣溪纱 丁亥重九斯奋先生命和小杜词以塞责
750150,丁亥除夕书怀
517275,癸亥民情 其二
1243706,冬景十绝（李从道丽泽诗社出题至治己未至己亥四十年矣） 其六 茅檐曝背
418309,志俊于劳山佛耳崖置别业蓺蔬种树有归隐之志乙亥秋招同伯明螴弟往游赋赠主人
42103,已亥杂诗·小别湖山劫外天
730046,朱亥故里 即朱仙镇
292479,癸亥元旦口占
729327,己亥杂诗 其一二二
785960,己亥杂诗 其五十八
42210,已亥杂诗·椎埋三辅饱于鹰
1131787,恭和御制己亥十一月十三日南郊祭天斋宫即事赐诗
743582,癸亥三月薄游西湖时阮芸台开府杭州那绎堂尚书亦以谳事驻浙皆己酉同年也却寄以诗 其二
785984,己亥杂诗 其八十二
307144,辛亥五月迁居蓝氏水园新楼避暑
729523,己亥杂诗 其二二○
453682,丁亥九日袁山登高用小杜九日齐山登高韵
702199,辛亥腊月十八日初得上唐精舍之地于张氏以上塘作上唐盖有三唐焉帝尧为上唐李唐为中唐若五代之唐斯为下矣偶得三绝以纪其胜云
729443,己亥杂诗 其二八九
42146,已亥杂诗·过江籍甚颜光禄
729486,己亥杂诗 其六十三
1098179,己亥九日屏翁约诸孙登高西屿阻风舟行不前遂会于吾家山海图之上酒边翁有诗留题因次韵
929464,癸亥正月十日夜梦三山竹林中笋出甚盛欣然有作
421665,登大别山谒禹王宫，是辛亥激战之处，弹痕犹在
480245,己亥中元陪祀山陵道中奉和杨学士先生韵四首 其一
909023,丁亥沔阳春时即事简吴叔永
42011,已亥杂诗·画禅有女定清真
426722,乙亥元日书怀
250977,丁亥元日牡丹
729455,己亥杂诗 其三○八
1214688,余自辛亥岁馆于魏塘吴氏时义士静心先生方无恙长子彦良应门于家次子景良输力于时皆一时伟人季子季良为赘婿于外与余尤相友善岁壬申景良卒于官所归葬胥山诸孙各求分异学遂废而余乃去矣顷者不逞之徒坏其守冢之庐季良之子璋闻于官罪人斯得众称之曰能故为是诗以勉之
970981,己亥十月送成父弟絜两户幼累归玉山五首 其一
729348,己亥杂诗 其一五三
729425,己亥杂诗 其二六三
287400,己亥秋别天津有感寄怀严蒋陈诸故人
42098,已亥杂诗·龙树灵根派别三
750809,癸亥自夏徂秋偶有所得汇而录之既无次序亦不标题 其二
698357,乙亥春日
239770,已亥秋淮南客中怀故里朋游寄之
614823,癸亥立春先一日以册封之役再过东林 其一
42230,已亥杂诗·河干劳问又江干
731891,己亥秋仲送魏和公
729517,己亥杂诗 其二○一
729303,己亥杂诗 其九十二
729414,己亥杂诗 其二五一
42127,已亥杂诗·少年奇气称才华
828604,崇效寺看牡丹并观红杏青松图卷自辛亥后越二十九年复来此寺不胜凄感 其一
595250,邑中自壬戌七月朔至癸亥三月之望亢旸不雨民咸忧惧赖邑侯张潮山先生积诚虔祷遂获灵应连雨三日众心感悦谨赋五言排律一首用纪盛美且代述邑民歌颂之意云
308440,瑞鹤仙·辛亥五月晦，感旧园拜张砚秋生日，呈梁节老
1111067,乙亥岁八月十五日夜同景叔知府少卿翼道提举大夫望月于河中之名阃堂兼简襄守欧三叔弼虢守孙八元忠二首
463161,秋夜月 丁亥中秋二首 其二 谓子女
275910,金缕曲·癸亥暮春初九夜，见月怀林风、畹兰于吴中，时予将赴中州
901497,癸亥陈和叔会于赏心亭 江神子
41965,己亥杂诗·出事公卿溯戊寅
538056,乙亥郧城除夕
276216,癸亥感事·寂寞空山怨采薇
729317,己亥杂诗 其一○九
443615,鹧鸪天  赴京机上值丁亥立春日
42163,已亥杂诗·绝业名山幸早成
407761,题画绝句 芙蓉（果斋云一名拒霜花） 丁亥十一月廿一日
465751,癸亥新春雨登越秀山参观广东明清绘画展
48525,己亥中元陪祀山陵道中奉和杨学士先生韵·夜深灯火下斋宫
729532,己亥杂诗 其二六九
53839,辛亥七夕
729359,己亥杂诗 其一七三
677692,乙亥春日效长庆心身问答三首 其三 心复答身
300155,瑞龙吟·乙亥白下送春喜柳溪至又言别和清真
42220,已亥杂诗·子云识字似相如
729344,己亥杂诗 其一四七
729458,己亥杂诗 其三一五
759975,东山感春诗，次己亥感秋韵 其三
729537,己亥杂诗 其二八二
783332,癸亥五月二十后酷热异常死者万计六月五日恭遇皇上省躬求言是夜北风大作继以膏雨沴戾顿除仰见圣主至诚格天捷于影响赋此纪异且私幸其安全也
253124,丁亥人日留社永福寺分韵得曦字
789695,辛亥岁暮杂诗二十首 其十一
42259,已亥杂诗·五十一人皆好我
1243702,冬景十绝（李从道丽泽诗社出题至治己未至己亥四十年矣） 其二 寒江独钓
769330,阻雨二日与亥白搜剔武连轶事咏之得四首 其四 种松乡
415076,长谷道中丁亥
365689,己亥杂诗·颈血模糊似未乾
627130,丁亥仲春余归自岭右暂憩乡园读杜工部秦州杂咏怅然感怀因次其韵 其十二
796746,庭院深深 己亥清明
759661,己亥五月二日东山大忠祠祝文信国公生日 其一
210827,辛亥长至后·老去惊时序
1084322,辛亥九日侍家君同孙子渊子昭子尚登高于家之东山时菊花未开坐客皆以为恨至十月望独步东篱下见前日青枝已烂熳矣东坡云凉天佳月即中秋菊花开日乃重阳不以日月断也于是命酒肴呼邻里饮于丛畔云
1243707,冬景十绝（李从道丽泽诗社出题至治己未至己亥四十年矣） 其七 书舍寒灯
251385,摊破浣溪沙·癸亥谷日
288304,癸亥杂感·古来宁有白头贼
793242,癸亥重九
497817,丁亥南山登高 其十
1137568,己巳秋七月不雨人心焦然乃戊午斋宿致城隍清源渠渡龙君嶅山五神于州宅以祷始至雨洗尘自是间微雨辄随止旱气转深苗且就槁要神弗获某忧惧不知所出越癸亥日亭午率郡僚吏申祷于庭未移顷雨大挚旄稚呼舞皆曰神之赐也某既拜贶又明日以神归念无为神报者乃作送神之诗七章以侈神功且又以祈焉 其二
549303,癸亥冬得告西还途次漫赋 其一
281453,小重山·辛亥九日莱园登高
41949,己亥杂诗·天将何福予蛾眉
729270,己亥杂诗 其五十一
729342,己亥杂诗 其一四四
1828,感遇诗·丁亥岁云暮
1216417,至正己亥六月游壶山宿真净岩访忠门西江陈公江亭
729403,己亥杂诗 其二三六
840551,朱竹君先生竹屋著书图乾隆己亥四月陈凤翔作四首 其三
67614,次西墅学士己亥元日雪
1031696,绍熙辛亥六月中伏日出郭观稼小休野石读仲权正字壁间所题诗因次韵 其二
463163,水调歌头 丁亥腊月雨夜中大北门珠江畔漫步并看『金海湾』楼盘
467628,西溪子 丁亥霜降后十日西溪秋祭两浙词人祠
626993,癸亥春送陈献孟赴佟静公之招由楚入都取道游西岳访咸阳祁尔嘉明府 其二
683029,丁亥元日次才伯韵二首
295317,己亥元旦试笔
495385,己亥除夕
41980,已亥杂诗·六月十五别甘泉
423067,翠楼吟 乙亥清明前三日写寄黄叶
42001,已亥杂诗·燕兰识字尚聪明
761540,摸鱼儿 癸亥八月初二日赋
729407,己亥杂诗 其二四三
411937,孙师郑先生见示乙亥元旦诗四律依均奉答 其一
729438,己亥杂诗 其二八三
816365,己亥续怀人诗
1233438,至正丁亥春二月起自休致入直翰林夏四月抵京师六月赴上京述怀五首 其一
785929,己亥杂诗 其二十七
441078,丁亥人日永福寺聚唱分韵得闲字
441093,丁亥杪秋之杭夜集和茶馆分韵得寂明日将赴西溪之会
994952,卖花声 其一 己亥三月一日
505558,读和古体凡二十有六韵丰腴醇重有顺无彊第其间与予过实君子宁失于厚公则有之受而不惭正恐不免见讥于识者别用奉答以谢愚拙时戊辰六月癸亥朔日也
685333,乙亥新正十日过陈湖二绝
444011,丁亥中秋感赋
415125,人日前夕己亥
773207,癸亥1743元日试笔
1209421,丁亥过沙井和移剌子春韵二首 其一
703069,辛亥冬十月九日从余兄原礼及陆好问刘主敬同登萝岩倚圣屏憩禅庵饮清凉池临筀竹湾谒龙湫玩仙李遂宿绝顶看月明日南俯大小车岩望东西二岭还北崖瞰石龟石笋复游眺久之乃下山所得奇胜赋长句五首
306958,临江仙·己亥自江南归京邸
875360,辛亥各口占十绝 其七
820531,菩萨蛮    丁亥十二月舟中作
930847,予以壬戌六月十四日入都门癸亥五月十四日去国而中有闰月盖相距正一年矣慨然有赋二首 其二
364961,己亥杂诗·风雨鸡鸣守一庐
461395,丁亥秋事六章 其一 秋雨
994948,西河 己亥秋作
48524,己亥中元陪祀山陵道中奉和杨学士先生韵
950553,至鄂期年以饟事不给于诗己亥夏五月廿有八日始解维雪锦夜宿兴唐寺繁星满天四鼓遂行日初上已抵浒黄洲几百里矣午后南风薄岸舟屹不能移延缘葭苇间至莫不得去始作纪事十解呈旧幕诸公 其二
407353,辛亥革命五十周年纪念，赋此志感（录一）
1110048,癸亥岁正月二首
729281,己亥杂诗 其六十五
89231,辛亥去国陈宗之胡希圣送行避谤不敢见希圣赠
729238,己亥杂诗 其十
42057,已亥杂诗·津梁条约遍南东
729497,己亥杂诗 其一三七
440170,曲游春 丁亥仲冬之望西湖微雨用草窗韵
998011,予丙子辛巳两游解空寺己亥秋又至思上人徙旧径自怪石中顿发奇观叔亮弟取山谷诗文名阁曰卧龙岩曰青玉盎山之门曰天下胜处令泳之作隶扁为赋七言
789687,辛亥岁暮杂诗二十首 其三
729301,己亥杂诗 其九十
729228,己亥杂诗 其九十六
42024,已亥杂诗·我言送客非佛事
210788,浣溪沙·辛亥正月二十四日发合肥
785961,己亥杂诗 其五十九
732736,己亥江行 其二
507657,己亥房山除夕营中作 其六
729390,己亥杂诗 其二二一
820311,鹧鸪天  己亥三月别曾舍人
1138654,丁亥寿药房先生四首 其二
79798,绍兴癸亥余以进士来临安年十九明年上元从舅
791282,丁亥重九后二日贺讷甫弟入泮
602211,己亥仲夏游上杭南泉寺僧月修诵王阳明南征闲游寺诗因次韵
743827,游葱岭同亥白作
166654,已亥季秋至净居思大智者场院因瞻二士相三日
729462,己亥杂诗 其一二三
999773,依韵奉和司徒侍中辛亥七夕末伏
364943,己亥杂诗·滔滔海水日趋东
1144237,己巳秋七月不雨人心焦然乃戊午斋宿致城隍清源渠渡龙君嶅山五神于州宅以祷始至雨洗尘自是间微雨辄随止旱气转深苗且就槁要神弗获某忧惧不知所出越癸亥日亭午率郡僚吏申祷于庭未移顷雨大挚旄稚呼舞皆曰神之赐也某既拜贶又明日以神归念无为神报者乃作送神之诗七章以侈神功且又以祈焉
364369,己亥杂诗·窅娘侧足跛行苦
286782,己亥岁谒杜工部草堂放歌当哭
1070727,海南有五色雀土人呼为小凤罕有见者苏子瞻谪居此郡绍圣庚辰冬再见之常作诗记其事公实以是年北归癸酉冬予亦两见之今二年矣乙亥八月二十二日会客陈氏园飞鸣庭下回翔久之众客惊叹创见因赋是诗
785988,己亥杂诗 其八十六
42158,已亥杂诗·风云才略已消磨
105846,回生丁亥方端叟乙酉长二岁其弟名万里庚寅少
307805,翠楼吟·乙亥清明前三日写寄黄叶
364963,己亥杂诗·相约儿童放学时
145734,乙亥纪闻
42149,已亥杂诗·震旦狂禅沸不支
417530,鹧鸪天　癸亥秋识叶嘉莹教授，叶治吴词，颇有新解，见似人而喜，赋此
55881,癸亥元日
1001474,二十年前与曾恭仲为忘年之交岁辛亥值便赋长韵寄似
729515,己亥杂诗 其一九四
41971,己亥杂诗·事事相同古所难
802463,笙陔于光绪乙亥冬夜梦至一园杜鹃花零落满地一小轩榜曰安分知止之馆悬巨镜写人了了则貂冠华袿君语张夫人设遇增秩君当无幸及君晋四品之岁果悼亡又尝梦登所居珠泉草堂舍后山长松千章风声谡谡有茅屋汎埽雅洁及卜夫人佳城恰当其处君固不乐进取夫人亦每举榜语风谏夫明识若此而蹈中寿妖梦是践名论空留廖君能无□于怀耶敬述彤徽以题琴羡将使漆园傲吏塞旦宅之悲猗兰仙才罢潜英之石 其二
301729,癸亥九月偕程君颂嘉、王子云轩、顾子经笙、吴子干卿游青山寺纪之以诗
729298,己亥杂诗 其八十六
455277,鹧鸪天 丁亥暮春重建母墓
428321,念奴娇 每岁除日午后偕程子颂嘉游惠山登云起楼酌酒品茗习以为常，今程子卧病已逾三年，余则于客中过却，乙亥正月独游惠山归谱此解并作登楼别岁图以似颂嘉病榻卧游
365674,己亥杂诗·琼阙丹房曜彩霞
839439,丁亥六月挽曾中翰君静二首 其一
729234,己亥杂诗 其四
983401,辛亥寒食清明之交杜陵先生暂归省谒与诸生食罢游后园独坐萧然戏作长句示诸儿
470740,闻警二首（乙亥三月） 其一
275898,东风第一枝·癸亥元旦喜雪次蕊渊二姊韵
879154,贺新郎 其三十九 癸亥九日
785930,己亥杂诗 其二十八
1138653,丁亥寿药房先生四首 其三
433720,鹧鸪天 二首 乙亥二月积雨初晴，胶柏街楼居作
246256,忆旧游·乙亥春京华小聚凡翁命赋此调
42026,已亥杂诗·秋风张翰计蹉跎
431498,癸亥九月偕程君颂嘉、王子云轩、顾子经笙、吴子干卿游青山寺纪之以诗三首
826296,大江西上曲·丁亥七月十三日余远游西溟，舟发杨椒坪，谢梧山、居古泉、黄绮云、黄日坡、杨湘舲、胡敬之、曾式如、杨崙西、伍意庄、居秋海送至珠江，率赋留别。仓皇行色，不复按谱求工也
817987,辛亥三月雨夜无聊观曼殊画因题一律于是与曼殊别已五阅星霜矣哲夫宝爱此册岂徒在画耶
832215,瑞鹤仙 辛亥五月晦，感旧园拜张砚秋生日，呈梁节老
1113857,癸亥上元余谪藤江是时初开乐禁人意欣欣吴元预作纪事二绝颇入风雅戏和其韵
252409,秋夜月·丁亥中秋
360898,恭和御制己亥十一月十三日南郊祭天斋宫即事赐诗
950700,己亥十二月十七日堂帖被召感恩二首 其一
42249,已亥杂诗·诗格摹唐字有稜
247900,忆旧游·辛亥新春感事
42134,已亥杂诗·荒村有客抱蠹鱼
709295,己亥立秋
729333,己亥杂诗 其一三二
253032,望海潮·癸亥中秋兰江中洲赏月
566504,己亥清明陪祀皇陵二律和杨维新学士韵 其一
404526,莺啼序·乙亥飞美掠影
42097,已亥杂诗·历劫如何报佛恩
277404,辛亥三月·珠江难觅一双鱼
360645,寄陈厚之巳亥岁赴阙发洪井道中寄
729447,己亥杂诗 其二九三
729457,己亥杂诗 其三一○
883954,辛亥二月望祭斋宫因游甘园 其二
318609,辛亥革命五十周年纪念，赋此志感
1227041,至正己亥四月廿二日宿翠峰禅室登留云阁数日与净莲公
187667,丁亥冬感怀寄赵章泉
424984,师郑汇辛亥自题诗史乙编同人和章名曰忧吁集感题其后叠前韵二首 其一
278268,剪湘云·己亥初夏
427890,浣溪沙 己亥中秋前七日郑君量自孝丰寄惠新茶，漫拈坡翁游南山韵报之
851469,古心江先生以旧弼出镇长沙癸酉十月乙亥是为七十六岁门人文某以一节趋走部内谨拟古体一首为寿
302668,志俊于劳山佛耳崖置别业蓺蔬种树有归隐之志乙亥秋招同伯明螴弟往游赋赠主人
276328,辛亥九日，寄弟并序
605590,癸亥榕溪灯夕谣 其十二
42233,已亥杂诗·天花拂袂著难销
729476,己亥杂诗 其九
658939,乙亥新正十日过陈湖二绝 其二
729374,己亥杂诗 其一九二
819570,辛亥五月迁居蓝氏水园新楼避暑
819008,己亥秋别天津有感寄怀严蒋陈诸故人四首 其一
729368,己亥杂诗 其一八五
856474,千秋岁 其二 癸亥重九舟次吴江
729336,己亥杂诗 其一三六
785975,己亥杂诗 其七十三
729275,己亥杂诗 其五十六
151664,予丙子辛已两游解空寺已亥秋又至思上人徙旧
835806,贺新凉 其二 己亥腊日秣陵别秦伯虞同年
282769,大钟亭偶坐岁在己亥
1231534,己亥吴门午日
319629,乙亥元日读陈龙川集有感时事
440173,霜叶飞 丁亥岁杪雪至用梦窗韵
701438,嘉靖巳亥南巡歌用韵
1039561,辛亥二月十五日
789697,辛亥岁暮杂诗二十首 其十三
618793,辛亥春二月朔日襄事先父于鹿鸣湾月山感赋
403293,眉妩 鹤亭翁于己亥七夕蛆化，悼之以词，正有花外草窗之感
616000,癸亥生日 其二
118971,丁亥生日·少年即病肺
785940,己亥杂诗 其三十八
815737,辛亥岁暮杂诗二十首
729358,己亥杂诗 其一六六
729332,己亥杂诗 其一三一
1103764,己亥重九夜归篝灯独酌因思乙未岁是日陪余敬可携赵定庵马宁卿王叔文云隐二三道伴登芝山驻接仙亭蔬盘果食清谈竟日今诸道萍散而敬可九原不可作对酒凄然殆无以为怀也
444625,丁亥初夏次韵赠力夫兄
875359,辛亥各口占十绝 其三
760978,忆旧游 乙亥五日，浮家西崦，信宿石壁精舍，见湖壖渔家垂灯叠鼓，饶有节物，感时赋此。
42014,已亥杂诗·孔壁微茫坠绪穷
1141367,己亥岁归过泉口紫芝山伤谨讲师
290606,辛亥岁朝六十自寿
428681,癸亥九秋，蒋遇春先生约同人游青山寺，素餐后又驱车游荣氏植物园四首 其一
752475,福庐先生枉寄亥既集读竟赋谢
479982,丁亥中秋
830212,辛亥夏五月自香港重游日本寓任甫须磨双涛园筑室同居与任甫离居者十三年槟榔屿香港一再见亦于今八年矣儿女生于日本皆不能识相见如梦寐任甫赋百韵诗先有四律奉迎答以四律 其三
1121084,己亥明禋恩封邺侯感愧有作二首
444547,曲江秋 丁亥孟夏曲江雅集
1226004,至元六年庚辰十又二月庚辰朔己亥大雨雪戊申复雨雪至七年辛巳正月朔旦己酉雨雪大作癸丑甲寅复大雪因赋诗以记
446401,辛亥革命百年祭
999774,依韵奉和司徒侍中辛亥二月十五日
1252746,辛亥除夕三首
1117754,予以壬戌六月十四日入都门癸亥五月十四日去国而中有闰月盖相距正一年矣慨然有赋二首
785952,己亥杂诗 其五十
729439,己亥杂诗 其二八四
246000,丁亥岁末·缨长不繫日
428449,癸亥冬遇张啬老年丈于沪上命题山水即席赋呈
1144385,丁亥寿药房先生四首
1057271,恭和御制己亥十一月十三日南郊祭天斋宫即事赐诗 其三
403949,蝶恋花·丁亥1947春，感时抚事，拟《云起轩词》格调 其二
42025,已亥杂诗·藏书藏帖两高人
364948,己亥杂诗·长夜漫漫日不光
729395,己亥杂诗 其二二八
962318,浣溪沙 其三 辛亥正月二十四日，发合肥
729324,己亥杂诗 其一一八
605594,正月十五夜奉迎邑侯雨中观灯雅集岁癸亥余尝为榕溪灯夕词十二章今采民谣复为甲子灯夕词十六章抚今追昔喜可知也 其二
729366,己亥杂诗 其一八三
196188,岁在丁亥郊禋礼成皇帝登门肆赦获睹盛典恭成
729315,己亥杂诗 其一○七
786007,己亥续怀人诗 其十六
879969,丁亥冬感怀寄赵章泉三首 其一
829052,减字木兰花  己亥七十二岁 建国十周年国庆恭献俚词二首
467605,乙亥暮秋自沪之京子夜车中口占
251890,丁亥九月十九和晦窗先生观音菩萨出家日偈子
403971,鹧鸪天·癸亥辞年，甲子献岁1983-1984之作
604516,癸亥元日试笔 其一
309047,贺新郎·丁亥闰四月十三日赋
1029321,癸亥夜梦
271345,洞仙歌·癸亥除夕
785963,己亥杂诗 其六十一
468374,辛亥冬十月九日从余兄原礼及陆好问刘主敬同登萝岩倚圣屏憩禅庵饮清凉池临筀竹湾谒龙湫玩仙李遂宿绝顶看月明日南俯大小车岩望东西二岭还北崖瞰石龟石笋复游眺久之乃下山所得奇胜赋长句五首 其二
959974,二月丁亥与诸友奠何先生毕退游北山智者寺书二十八言
729356,己亥杂诗 其一六三
820361,水调歌头 辛亥中秋夕游海上望月他岛山楼有吹笛者清光满秋哀音动空际愀然生故国之思后十日束装归国
314800,水调歌头·乙亥中秋海元轮舟上作
467624,丁亥杂诗
968596,菩萨蛮 其十二 辛亥二月雪
404097,鹧鸪天·乙亥。一九三五年
820199,丁亥除夜感示诸儿
729535,己亥杂诗 其二七七
295428,水调歌头·辛亥归舟渡太平洋泊夏威夷群岛
862522,予寓家龟溪赋廪郡故事郡将始至及其将行皆一奉谒予非异人也不敢异众故自壬戌三月至癸亥暮春计裁一年往来三宿何山寺退而自笑复自怜也质明将发纵观殿藏奥曲睹慧枢二士经营成立之迹私有感焉因赋二绝 其二
381550,戌亥去国图
331050,辛亥中春遂宫祠之请自渔浦转山入离渚宿化城以归道中成鄙句
42245,已亥杂诗·志乘英灵琐屑求
886250,癸亥守岁聪儿桃源黄溪村居 其一
901248,元丰癸亥秋季赴官郴岭舣舟樊口与潘彦明范亨父以小艇过吉阳寺是日大风雨雪
1000553,乙亥冬
961898,余无常产癸亥岁方舍穑事
150470,辛亥上冢·寒闺守节少年时
42222,已亥杂诗·彤墀小立缀鹓鸾
266846,丁亥清明扫墓赵庵有感
41979,已亥杂诗·西来白浪打旌旗
905045,己亥出南康宫伯称以诗赠行次韵三首 其二
729387,己亥杂诗 其二一七
621298,癸亥除夕二首 其一
365681,己亥杂诗·御屏丹笔记名新
372609,辛亥八月十六日社始月望
419279,水调歌头 乙亥中秋海元轮舟上作，用东坡韵
838450,己亥春日感兴 其三
729502,己亥杂诗 其一五五
1121068,至鄂期年以饟事不给于诗己亥夏五月廿有八日始解维雪锦夜宿兴唐寺繁星满天四鼓遂行日初上已抵浒黄洲几百里矣午后南风薄岸舟屹不能移延缘葭苇间至莫不得去始作纪事十解呈旧幕诸公
797300,碧桃春 己亥元旦
785909,己亥杂诗 其七
42261,已亥杂诗·终贾华年气不平
42021,已亥杂诗·高秋那得吴虹生
41995,已亥杂诗·弱冠寻方数岁华
785927,己亥杂诗 其二十五
731499,丙戌秋杪余手酿橘酒丁亥夏日以惠敬亭敬亭见酬以诗因赋此奉答
42262,已亥杂诗·张杜西京说外家
42197,已亥杂诗·吴郎与我不相识
729417,己亥杂诗 其二五四
905753,己亥季秋至净居思大智者道场因瞻二士相三日会天大雨不得探险绝而以诗记之 其四
498649,寄孝尼第二首此亦乙亥年作
691381,己亥房山除夕营中作
41951,己亥杂诗·一十三度溪花红
879236,满江红 其二十七 傅相生日癸亥
1216328,至正己亥夏予游壶山宿真净岩即景赋诗奉简古道了堂二师
42133,已亥杂诗·卿筹烂熟我筹之
695307,癸亥冬至以次该陪祭陵因病不果承学录昌平李廷用先生慨然见代因赋二律奉赠
287088,孙师郑以感逝诗徵题诗分甲乙二集辛亥后不仕者入甲集出仕者入乙集大半亦我师友也
411940,孙师郑先生见示乙亥元旦诗四律依均奉答 其四
277378,辛亥三月·日日中原事
743581,癸亥三月薄游西湖时阮芸台开府杭州那绎堂尚书亦以谳事驻浙皆己酉同年也却寄以诗 其一
786011,己亥续怀人诗 其二十
729253,己亥杂诗 其三十
41985,已亥杂诗·曩向真州订古文
844033,壶中天 己亥腊月二十五日，雪中忆西泠梅花
729304,己亥杂诗 其九十三
497813,丁亥(1)南山登高 其六
785974,己亥杂诗 其七十二
786012,己亥续怀人诗 其二十一
977134,亥月
729255,己亥杂诗 其三十二
325489,癸亥春夜与李二莪璋香小饮醉后有赠
42051,已亥杂诗·六义亲闻鲤对时
42200,已亥杂诗·难凭肉眼识天人
729271,己亥杂诗 其五十二
729445,己亥杂诗 其二九一
838449,己亥春日感兴 其二
671766,乙亥春日 其一
729376,己亥杂诗 其二○○
89235,辛亥各口占十绝·诛虎窃弓谁继者
443325,丁亥至日谒杭州龚自珍纪念馆即用其咏史韵
729388,己亥杂诗 其二一八
443967,丁亥暮春昭萍雅集次江湖小李兄韵
584656,辛亥夏四月己卯与李璧山游桥山因览首丘璧翁有作次韵一首
818652,丁亥春日清华园作
42018,已亥杂诗·四海流传百轴刊
729229,己亥杂诗 其一七○
41991,已亥杂诗·草创江东署羽陵
607703,癸亥出行
114138,元丰癸亥经行石潭寺见旧和栖蟾诗甚可笑因削
42177,已亥杂诗·毫霜掷罢倚天寒
1126003,景定癸亥特旨以布衣陈随隐除东宫掌书作书贺之
365688,己亥杂诗·寒垆爆栗死灰然
1136719,贺新郎 乙亥春题雁荡山
843600,丁亥六月挽曾中翰君静二首
380925,忆旧游·乙亥五日，浮家西崦，信宿石壁精舍
474362,癸亥十月书事 其三
1211673,元统乙亥余除闽宪知事未行立春十日参政许可用惠茶赋此以谢
611847,辛亥中秋招徐圆海湘流玩月
42027,已亥杂诗·阿娘重见话遗徽
729413,己亥杂诗 其二五○
443195,西溪子 其二 丁亥霜降后十日西溪秋祭两浙词人祠
1126140,丁亥岁予留建康梦登大桥仰视霄汉有金书阁字北斗落落布列其侧昨夕夜直坐石渠桥忽见七星低昂正倚秘阁而金书大字俨然梦中所见信知世事皆有定分非偶然也
952403,辛亥元日游闻人省庵园和陈药房韵
777644,己亥1659除夕
77871,癸亥正月十日夜梦三山竹林中笋出甚盛欣然大
42191,已亥杂诗·不论盐铁不筹河
456990,书懒残《读己亥杂诗注》后
424983,和师郑辛亥十一月诗史乙集刊成自题其后用原韵二首 其二
721405,次答晋江郭君章君章祖都宪介庵先生乙酉主试吾粤先君列第七人先君殉节于丁亥先生殉节于戊子先后赠大司马君章以先生未归窀穸来粤求助世旧之感情见乎辞二首
42214,已亥杂诗·本朝闽学自有派
627119,丁亥仲春余归自岭右暂憩乡园读杜工部秦州杂咏怅然感怀因次其韵 其一
820395,水调歌头 辛亥归舟渡太平洋泊夏威夷群岛
90883,辛亥元日送章德茂自建康移帅江陵
729296,己亥杂诗 其八十四
1253151,辛亥元宵和王希颜韵
293935,谒金门·丁亥上巳稷园水榭修禊分韵得载字
307829,庆宫春·乙亥三月
780816,己亥杂诗 其一三○
403287,烛影摇红 己亥元宵
42212,已亥杂诗·秀出天南笔一支
42184,已亥杂诗·不能古雅不幽灵
233869,过朱亥墓·枯林寒草墓丘墟
42040,已亥杂诗·复墅拓墅乞墅了
517731,己亥中秋
833943,摸鱼儿 丁亥七夕初返吴门，与同社诸子和白石辛亥秋期韵
833943,摸鱼儿 丁亥七夕初返吴门，与同社诸子和白石辛亥秋期韵
250974,乙亥新春窗前兰花盛开得此二十八字美美图此因题其上
42114,已亥杂诗·二王只合为奴仆
729282,己亥杂诗 其六十六
827107,烛影摇红 丁亥六十岁 寄怀湘弟长沙
814770,乙亥九月九日纪事诗四首
834663,辛亥三月薄游台湾主雾峰之莱园献堂三兄属题园中名胜得十二绝句 其十一 望月峰
875362,辛亥各口占十绝 其二
729477,己亥杂诗 其十六
560844,乙亥年雪
41959,己亥杂诗·廉锷非关上帝才
802168,丁亥春将归罗浮留别黄仙裳
42093,已亥杂诗·轩后孤虚纵莫寻
968614,朝中措 其六 丁亥益阳贺王宜之
1235362,至正己亥六月游壶山宿真净岩访忠门西江陈公江亭
581532,乙亥元旦示儿孙
276211,癸亥感事·群盗中原正突围
1134339,丁亥元日二首 其二
729307,己亥杂诗 其九十七
414082,癸亥中伏苦热即事
347253,丁亥正月二日自东湖泛舟归鹊湖
999775,依韵奉和司徒侍中辛亥三月十八日游御河二首 其二
829401,乙亥秋九月至旧京视散原先生日与心畬叔明立之伯夔君任羹梅过从寥志强志贻先询先诸弟自津沪来旧藏五十馀年陈酒由杭至京连日聚饮赋诗属和
729257,己亥杂诗 其三十四
429643,癸亥十二月十八日淩晨置酒奉宴太夷先生赋呈六绝句 其一
997846,过朱亥墓
41956,己亥杂诗·我马玄黄盼日曛
42180,已亥杂诗·姬周史统太销沈
369178,东风第一枝·癸亥元旦喜雪，邀纫兰同作
42176,已亥杂诗·联步朝天笑语馨
406331,虞美人 乙亥上巳，南京乌龙潭禊集，阻事未往，友人代拈“缀”字为韵
905754,己亥季秋至净居思大智者道场因瞻二士相三日会天大雨不得探险绝而以诗记之 其三
691209,癸亥生日
785976,己亥杂诗 其七十四
301730,癸亥九月·墟里依依欲上烟
785994,己亥续怀人诗 其三
729247,己亥杂诗 其二十
909154,辛亥元夕坐间和刘景文韵 其一
1115250,辛亥元日送章德茂自建康移帅江陵二首
456918,浪淘沙令　乙亥中秋
42104,已亥杂诗·亲朋岁月个萧闲
251829,丁亥冬至·密掩今宵月
729297,己亥杂诗 其八十五
41964,己亥杂诗·掌故罗胸是国恩
409575,癸亥杂感（四十三首选十二） 其一
605608,正月十五夜奉迎邑侯雨中观灯雅集岁癸亥余尝为榕溪灯夕词十二章今采民谣复为甲子灯夕词十六章抚今追昔喜可知也 其十六
668656,丁亥元日次才伯韵二首 其一
313075,蝶恋花·纪念辛亥革命七十周年，追念先兄元栋，会上即席写怀
444632,丁亥冬至
729483,己亥杂诗 其五十
840550,朱竹君先生竹屋著书图乾隆己亥四月陈凤翔作四首 其二
1120785,顷岁盗起徽严间兵既临城部使者而下皆弃官以走别乘强幼安摄郡事解衣高卧而贼不至城遂以全仆尝作送行诗以书其事后二十一年岁癸亥幼安始得州相遇于钱塘幼安犹能诵鄙诗而余漫不复省矣手录见遗读之惘然为题三绝其后
1134343,丁亥生日纪事五首 其三
356836,甘州·乙亥除夕作
42201,已亥杂诗·酾江作醅亦不醉
1132788,丁亥冬大雪
42119,已亥杂诗·小语精微沥耳圆
42110,已亥杂诗·昔年诗卷驻精魂
287322,己亥秋别·湛湛一尊酒
307847,鹧鸪天·乙亥二月积雨初晴，胶柏街楼居作
311489,鹧鸪天·读寅恪丁亥除夕诗感赋
263065,丁亥九月·彩虹飞入碧波中
523965,乙亥春郊圃牡丹盛开聿予离兹倏尔四载实兄莳艺成功约客往赏属雨发咏焉
441086,丁亥杂诗 其二
658743,癸亥岁二月八日看牲
818976,留赠方药雨 丙申之冬入天津洎己亥秋始得归将行赋此二律 其二
785943,己亥杂诗 其四十一
911785,丁亥正月新晴晚步二首 其二
278211,清平乐·辛亥夏五望日，亚子偕叔度、织云诸君
380127,台城路·辛亥秋送丽轩入都
483285,己亥元日寓舍独坐对雨
89232,辛亥三月九日宿囊山
729482,己亥杂诗 其三十九
811377,东山感春诗，次己亥感秋韵
830210,辛亥夏五月自香港重游日本寓任甫须磨双涛园筑室同居与任甫离居者十三年槟榔屿香港一再见亦于今八年矣儿女生于日本皆不能识相见如梦寐任甫赋百韵诗先有四律奉迎答以四律 其一
840687,乙亥东坡生日距景祐丙子凡九百岁同人集于社园水榭分韵得逢字
948989,点绛唇 其三 赴池阳郡会，坐中见梅花赋丁亥九月己丑
42125,已亥杂诗·身世闲商酒半醺
41976,已亥杂诗·网罗文献吾倦矣
364371,己亥杂诗·海国能医山国贫
365672,己亥杂诗·赫赫红轮上大空
834654,辛亥三月薄游台湾主雾峰之莱园献堂三兄属题园中名胜得十二绝句 其二 五桂楼
571840,己亥元日晨起
41968,己亥杂诗·许身何必定夔皋
365684,己亥杂诗·七十尚书出负戈
819843,辛亥八月十一日生日感赋 其一
238195,亥月·亥月霜澄霁
238195,亥月·亥月霜澄霁
837594,烛影摇红·辛亥十二月廿五日作
42144,已亥杂诗·姬姜古妆不如市
239088,乙亥冬富春先生以老儒醇师居我东齐济北张泂
1216416,至正己亥六月游壶山宿真净岩访忠门西江陈公江亭 其一
415453,大钟亭偶坐岁在己亥
1241873,洪武丁卯腊月癸亥雪
785992,己亥续怀人诗 其一
1231669,洪武辛亥南归重度梅关二首 其一
826444,沁园春·丁亥十月十夜柏林客馆梦亡妇
909683,醉蓬莱 其四 丁亥寿蜀帅
751486,辛亥夏赴邳州桃源决事感作 其一
785904,己亥杂诗 其二
729292,己亥杂诗 其八十
280345,奉赠陈彦和先生补录丁亥旧作
452859,丁亥人日留社永福寺分韵得曦字
507653,己亥房山除夕营中作 其二
41969,己亥杂诗·弃妇丁宁嘱小姑
729518,己亥杂诗 其二○三
42263,已亥杂诗·夜思师友泪滂沱
364364,己亥杂诗·絮棉吹入化春衣
42069,已亥杂诗·除却虹生忆黄子
785912,己亥杂诗 其十
189432,二月丁亥与诸友奠何先生毕退游北山智者寺书
301134,己亥书怀·鸡鸣拂旦羽书闻
834656,辛亥三月薄游台湾主雾峰之莱园献堂三兄属题园中名胜得十二绝句 其四 荔枝岛
876817,辛亥去国陈宗之胡希圣送行避谤不敢见希圣赠二诗亦不敢答乙卯追和其韵 其一
604983,太宰玄翁何公于余有缟带之好云泥隔而音问疏二十年远矣先辈凝生何君太宰冢孙也癸亥亚岁以诗见投赋此往赠杜少陵曰文章有神交有道何必抚尘
42067,已亥杂诗·里门风俗尚敦庞
729227,己亥杂诗 其五
815977,捣练子 乙亥冬暮晓行
1033863,嘉熙己亥大旱荒庚子夏麦熟 其三
729266,己亥杂诗 其四十六
62208,丁亥中秋
42060,已亥杂诗·北俊南孊气不同
42086,已亥杂诗·倘作家书寄哲儿
970978,己亥十月送成父弟絜两户幼累归玉山五首 其四
407922,辛亥秋感时客龙江 其三
729323,己亥杂诗 其一一六
1137408,己巳秋七月不雨人心焦然乃戊午斋宿致城隍清源渠渡龙君嶅山五神于州宅以祷始至雨洗尘自是间微雨辄随止旱气转深苗且就槁要神弗获某忧惧不知所出越癸亥日亭午率郡僚吏申祷于庭未移顷雨大挚旄稚呼舞皆曰神之赐也某既拜贶又明日以神归念无为神报者乃作送神之诗七章以侈神功且又以祈焉 其一
416261,洞仙歌 癸亥除夕
785913,己亥杂诗 其十一
365666,己亥杂诗·恨无永叔《泷冈表》
729341,己亥杂诗 其一四三
789688,辛亥岁暮杂诗二十首 其四
521673,十一月望月食既历戌亥子三时乃复
729544,己亥杂诗 其三○二
462385,望海潮　癸亥中秋兰江中洲赏月
769204,入峡病中同亥白兄作 其一
729320,己亥杂诗 其一一二
729354,己亥杂诗 其一六○
785920,己亥杂诗 其十八
42145,已亥杂诗·六朝古黛梦中衡
42038,已亥杂诗·银烛秋堂独听心
210804,辛亥季冬雪中作
769139,怀亥白兄
599935,贺箕野七十一丁亥正月十三日 其一
627135,丁亥仲春余归自岭右暂憩乡园读杜工部秦州杂咏怅然感怀因次其韵 其十七
507905,辛亥七月廿日晚出汴城南门
729239,己亥杂诗 其十一
844696,朱竹君先生竹屋著书图乾隆己亥四月陈凤翔作四首
291982,鹧鸪天·癸亥秋识叶嘉莹教授，叶治吴词，颇有新解，见似人而喜，赋此
1071081,癸亥上元余谪藤江是时初开乐禁人意欣欣吴元预作纪事二绝颇入风雅戏和其韵 其二
773961,丁亥除夕
619941,己亥中秋偕社中诸子登元魁塔会被饮文昌阁笙歌备奏群英咸集赋以纪之 其四
367006,浣溪沙·丁亥饯元宵
948831,嘉泰癸亥元日口占寄呈永和乘成兄
1079680,己亥上元数同晁季一叔用清坐不出
308114,风入松·乙亥九日，怡园樊少云席上，听庄剑丞弹琴
455621,壬子春词 其三 辛亥岁杪，与叶红自琼归省，旋于壬子春节结缡于广州，并同游肇庆，下榻鼎湖山，有作
403990,南歌子·题陈悟斋荷塘情趣图。乙亥1995
1233439,至正丁亥春二月起自休致入直翰林夏四月抵京师六月赴上京述怀五首 其二
42160,已亥杂诗·道蕴谈锋不落诠
41954,己亥杂诗·谁肯栽培木一章
729396,己亥杂诗 其二二九
331864,木兰花令·己亥中秋京邸怀旧
45992,丁亥除夕作
356351,最高楼·丁亥答文友楚中寄词
729527,己亥杂诗 其二三九
403991,浣溪沙·南京路天桥晚眺。乙亥1995秋夕
317972,辛亥夏·清浅忽然见河汉
91913,癸亥上已即事
729372,己亥杂诗 其一八九
783036,乙亥生日书怀
734632,己亥元日
823965,采桑子 其一 丁亥岁暮即事
414042,癸亥元旦口占
568169,辛亥中秋
772142,癸亥元旦踏春自东城归，与陈榕士、叶松潭、家薇臣坐谭，首唱一律
713159,乙亥元日送石公泛海之交趾说法
380128,金缕曲·辛亥除夕感怀
690466,癸亥元日试笔
473316,癸亥元日
761078,早梅芳近 辛亥中秋后三日，澹庵招同彊村汎舟，越来溪寻石湖居士故迹，自横塘载月而归。
876815,辛亥三月九日宿囊山
797630,好事近 癸亥上元寄芳圃伯母、瑞蓉叔母
42080,已亥杂诗·凤泊鸾飘别有愁
729534,己亥杂诗 其二七六
785972,己亥杂诗 其七十
729525,己亥杂诗 其二二六
834655,辛亥三月薄游台湾主雾峰之莱园献堂三兄属题园中名胜得十二绝句 其三 考槃轩
1237426,至正丁亥春二月起自休致入直翰林夏四月抵京师六月赴上京述怀五首
785978,己亥杂诗 其七十六
154885,辛亥孟秋戊子有虹下天绕飞泉山入东谷饮古井
461954,石湖仙·丁亥春末雨中曲院风荷 依四声兼用秦鸿韵
322591,登华阴庙万寿阁望岳同亥白兄作
826778,金缕曲·题皋兰吴柳堂侍御罔极编册。册为侍御遭母丧时日记，时值文宗有木兰之狩，家国巨变，均详记中。后为第三孙郭龄所藏，郭龄予僚婿也。以难荫试令鄂中，于宣统辛亥兵变失之，今归浙人姚某
288278,癸亥杂感·从古可怜此蜀川
791179,丁亥除夕
933244,癸亥初冬作
405382,蝶恋花·丁亥1947春，感时抚事，拟《云起轩词》格调
1057272,恭和御制己亥十一月十三日南郊祭天斋宫即事赐诗 其四
581727,辛亥除夕
304697,菩萨蛮·丁亥十二月舟中作
824602,水龙吟 辛亥海上作
753071,曾主政丙戌九月还湘丁亥三月复抵京诗约上巳同游
729309,己亥杂诗 其一○○
407921,辛亥秋感时客龙江 其二
1134345,丁亥生日纪事五首 其一
1103966,己亥二月仲退寄桃花雪倡和诗卷次韵
700316,辛亥感兴六首 其一
745702,乙亥浴佛日伍东坪观察招同谢澧浦太史游小金山夜宿淡公禅房用张承吉题金山寺韵
1134338,丁亥十一月初八日南至二首 其一
729334,己亥杂诗 其一三三
480247,己亥中元陪祀山陵道中奉和杨学士先生韵四首 其三
804805,乙亥元日
42034,已亥杂诗·倘容我老半锄边
299370,丁亥除夕书怀
441094,西溪月航丙戌霜降后十日，两浙词人祠秋祭，饮于弹指楼，棹月夜归，光景如梦，不能成咏。丁亥孟冬追赋
785950,己亥杂诗 其四十八
654935,丁亥元宵前三日宿院中分得金字
729504,己亥杂诗 其一六五
107850,予丁亥生壬寅年七十六留杭十二年
287401,己亥秋别·蒋子起寒素
198779,丁亥三月十五日
308159,望海潮·题香草簃辛亥书后
729378,己亥杂诗 其二○四
430136,乙亥开岁三日大雪中与千里饮于市楼赋记所语
42015,已亥杂诗·少年薄录睨千秋
515184,辛亥秋社作
364356,己亥杂诗·自携蜡屐自扶筇
729269,己亥杂诗 其四十九
730092,馀故里无家久寓吴下去年于马医巷西头买得潘氏废地一区筑室三十馀楹其旁隙地筑为小园垒石凿池杂莳花木以其形曲名曰曲园乙亥四月落成率成五言五章聊以纪事 其五
729350,己亥杂诗 其一五六
1005660,腊月朔第二孙绳祖弥月喜其与翁同十一月而又皆乙亥时也因赋以祝之
1134340,丁亥元日二首 其一
287344,留赠方药雨 丙申之冬入天津洎己亥秋始得归将行赋此二律
409585,癸亥杂感（四十三首选十二） 其十一
41963,己亥杂诗·祖父头衔旧熲光
729431,己亥杂诗 其二七一
729421,己亥杂诗 其二五九
443994,丁亥端阳前三日夜宿丰城玉华山极顶紫云洞天宫分韵得“有”字
823968,采桑子 其四 丁亥岁暮即事
1111426,癸亥守岁聪儿桃源黄溪村居
468026,丁亥季夏与中华诗词研究院诸子雅集西安大唐芙蓉园次老杜曲江二首韵
729300,己亥杂诗 其八十九
344669,丁亥元旦用韵
759976,东山感春诗，次己亥感秋韵 其四
41994,已亥杂诗·不是南天无此花
819963,乙亥秋九月至旧京视散原先生日与心畬叔明立之伯夔君任羹梅过从寥志强志贻先询先诸弟自津沪来旧藏五十馀年陈酒由杭至京连日聚饮赋诗属和 其三
796837,金缕曲 辛亥除夕感怀
785980,己亥杂诗 其七十八
729361,己亥杂诗 其一七六
264466,丁亥除夜感示诸儿
1103796,丁亥正月二日自东湖泛舟归鹊湖
928637,先大父以元祐乙亥寓居妙明僧舍后百馀年当嘉泰癸亥游复假榻一夕感叹成咏
928637,先大父以元祐乙亥寓居妙明僧舍后百馀年当嘉泰癸亥游复假榻一夕感叹成咏
1134708,回生丁亥方端叟乙酉长二岁其弟名万里庚寅少三岁用予旧韵来订兄弟之盟依韵奉答二首 其一
729488,己亥杂诗 其七十一
299970,齐天乐·丁亥中秋
247347,惜余春慢·乙亥八月廿二日题自摄小影
827119,鹧鸪天  读寅恪丁亥除夕诗感赋
688358,弘治辛亥五月廿九日世赏内翰访余于行台因留小酌联句二首
322750,喜亥白兄至都
280321,人日前夕己亥
729382,己亥杂诗 其二○八
408439,黄克强先生与李西屏先生书札 十八年七月廿八日 西屏先生属吾友陈冕雅示侃于大石桥寓中追怀民国前三年与克强遁初两先生同居新宿者旬日辛亥季秋两君自沪渎赴武昌与侃会于蕃舶遂同入鄂元年克强先生为留守时侃犹得一晤后此遂不相闻岁月飘忽两君皆亡追思昔游犹在心目抚弦青简不禁泫然敬题一诗以志感
761066,卜算子 辛亥岁始春，故人治舟相约观梅于邓尉诸山，雨雪载涂，余以畏寒不出，因忆山中讨春旧游，次韵白石道人梅花八咏以示同志，一丘一壑自谓过之，若所作则伧歌无复雅句也。 其一
840555,孙师郑以感逝诗徵题诗分甲乙二集辛亥后不仕者入甲集出仕者入乙集大半亦我师友也二首 其二
785942,己亥杂诗 其四十
406833,蝶恋花 乙亥秋溯江作三峡之游
106731,丁亥十一月初八日南至
832646,浪淘沙慢 辛亥岁不尽五日作
729509,己亥杂诗 其一七二
364370,己亥杂诗·一声声道妹相思
751267,乙亥元日庐州作 其二
388523,乙亥郧城除夕
880691,浣溪沙 丁亥饯元宵
485835,辛亥五月过弘道西斋重题
1233442,至正丁亥春二月起自休致入直翰林夏四月抵京师六月赴上京述怀五首 其五
415050,纪念辛亥革命七十周年
729440,己亥杂诗 其二八五
605589,癸亥榕溪灯夕谣 其十一
432411,辛亥三月二十九日广州之役，余在北京狱中闻展堂死事，为诗哭之，才成三首，复闻展堂未死，遂辍作
783845,乙亥九月九日纪事诗四首 其一
404203,鹧鸪天·乙亥，一九三五年
729241,己亥杂诗 其十三
347568,乙亥岁八月十五日夜同景叔知府少卿翼道提举大夫
150895,余无常产癸亥岁方舍穑事
1068851,建炎辛亥八月二十六日夜梦舣舟江岸与梅和胜论诗梅出古诗示予极壮丽复为予作汤饼方就席视梅手中器已十裂汤饼淋漓觉而怅然作此篇
879042,水龙吟 其五 辛亥安晚生朝
785906,己亥杂诗 其四
729314,己亥杂诗 其一○六
42136,已亥杂诗·半生中外小迴翔
364949,己亥杂诗·浮沈飘泊年年事
433137,孙师郑先生见示乙亥元旦诗四律依均奉答
1223112,至治癸亥八月望日同虞伯生马伯庸过枪竿岭马上联句
1075007,光武二十八年五溪蛮反马文渊年六十三矣踊跃请行卒致困败班定远久在绝域上疏请归词甚切至其略曰臣不敢望至酒泉郡但愿生入玉门关遂老中朝辛亥季春三日灯下读此二传感而赋诗
743834,壬子十二月六日与亥白兄携酒游凌云山
192646,已亥年郡中夏旱徧祷群望喜有甘泽之应
627122,丁亥仲春余归自岭右暂憩乡园读杜工部秦州杂咏怅然感怀因次其韵 其四
552264,乙亥警 其一
802213,登舟一夕对酒偶成时从阅云梯关归清江浦丁亥十月 其三
729231,己亥杂诗 其一
420405,潇湘雨 己亥春暮
365668,己亥杂诗·一路春鸠啼落花
986134,景定癸亥特旨以布衣陈随隐除东宫掌书作书贺之 其一
388583,念奴娇·癸亥元日作寄碧梧姊
1034594,九月丁亥秋祀毕劳农北郊苏提干以疾不往以诗见寄因次其韵
1228773,乙亥留故乡自寿
909544,水调歌头 其六 丁亥送方子南出蜀
138281,丁亥守当涂中夏有献瑞麦者今日池中复得双头
829785,留赠方药雨 丙申之冬入天津洎己亥秋始得归将行赋此二律
487432,中秋初度有感二首乙亥 其二
383513,己亥冬怀·寒裂冰纹响石渠
585772,辛亥元日作
94535,已亥正月二日送李伯和提干归豫章
41992,已亥杂诗·野冬修竹欲连天
826730,满江红·咏忠樟。杭州南高峰法相寺前古樟。纯庙南巡，累经题赏，辛亥逊位诏下，忽一夕而枯。士夫以忠樟谥之。用文信国和王昭仪韵为吊
786004,己亥续怀人诗 其十三
740454,检先孺人遗箧得载己亥康熙五十八年雪夜诗
694921,丁亥(1)南山登高
729299,己亥杂诗 其八十八
309788,烛影摇红·己亥元宵
1076683,追忆大观丁亥年自新安侍下入宣城学路中作
766850,二郎神 辛亥秋妓馆感赋
729430,己亥杂诗 其二七○
785914,己亥杂诗 其十二
769680,沁园春·己亥十月重过何阜闻缪函九、豹文叔侄今年皆四十初度，题词以赠
585789,辛亥腊月十八日初得上唐精舍之地于张氏以上塘作上唐盖有三唐焉帝尧为上唐李唐为中唐若五代之唐斯为下矣偶得三绝以纪其胜云 其二
717455,乙亥生日病中作 其六
164394,丁亥纪蜀百韵
113541,癸亥立春日煮茗於石池寺见庚戌中盛二十舅中
789694,辛亥岁暮杂诗二十首 其十
185505,丁亥寿药房先生
729503,己亥杂诗 其一六一
729531,己亥杂诗 其二六八
729543,己亥杂诗 其三○○
409579,癸亥杂感（四十三首选十二） 其五
790081,丁亥戊子年间，余省伯父于泾，尝偕抱生探水西。辛丑秋日抱生话閒及旧游，问能纪其胜否？记忆所及，赋长句答之
42196,已亥杂诗·俎脍飞沉竹肉喧
451886,丁亥重九自寿
729251,己亥杂诗 其二十六
1039582,辛亥八月十六日社始月望
277029,己亥除夕病中隐南寄示新诗有早朝车马客应有泪沾巾之句怆然感赋
48526,己亥中元陪祀山陵道中奉和杨学士先生韵·马头残梦不成酣
635509,丁亥元旦示徒
280329,秋夜怀远乙亥
862005,辰州僻远乙亥十二月方闻秦太师病忽蒙恩自便始知其死作诗悲之
312798,念奴娇·和绍端先生乙亥新春锦江茶厅雅集韵
680169,正统癸亥营建纪成十四韵
729418,己亥杂诗 其二五五
903766,嘉泰癸亥夏陪县尹双湖唐仲谋饮寒亭
312663,西江月·癸亥青岛中秋
950551,至鄂期年以饟事不给于诗己亥夏五月廿有八日始解维雪锦夜宿兴唐寺繁星满天四鼓遂行日初上已抵浒黄洲几百里矣午后南风薄岸舟屹不能移延缘葭苇间至莫不得去始作纪事十解呈旧幕诸公 其九
42033,已亥杂诗·男儿解读韩愈诗
1216980,乙亥初度是岁仍改至元
324732,念奴娇·和辛幼安秋风亭韵，癸亥中秋前二日
838454,己亥春日感兴 其七
507654,己亥房山除夕营中作 其三
448905,辛亥革命
626992,癸亥春送陈献孟赴佟静公之招由楚入都取道游西岳访咸阳祁尔嘉明府 其一
306971,水调歌头·辛亥中秋夕游海上望月他岛山楼有吹笛者清光满秋哀音动空际愀然生故国之思后十日束装归国
1052541,二月己亥晓出城祀高禖 其三
1109438,丁亥冬感怀寄赵章泉三首
365661,己亥杂诗·世守先姑《德象》篇
91573,丁亥正月新晴晚步·嫩水春来别样光
916325,己亥年郡中夏旱遍祷群望喜有甘泽之应
1209422,丁亥过沙井和移剌子春韵二首 其二
1127435,依韵奉和司徒侍中辛亥三月十八日游御河二首
42120,已亥杂诗·玉树坚牢不病身
1075610,顷岁盗起徽严间兵既临城部使者而下皆弃官以走别乘强幼安摄郡事解衣高卧而贼不至城遂以全仆尝作送行诗以书其事后二十一年岁癸亥幼安始得州相遇于钱塘幼安犹能诵鄙诗而余漫不复省矣手录见遗读之惘然为题三绝其后 其二
783030,乙亥上巳约署中诸友游吴园雨阻不践
513537,钱塘沈德自成化丁亥以来从家君征川贵山都掌之夷又从平江伯出镇两广总督漕运清谨之操三度如一家君荐之始自从事为选人平江凡七荐之乃自江淮卫知事改隶通政司于是荐绅君子无不嘉君之能获乎二公也拜命言旋赋诗以赠
517274,癸亥民情 其一
423981,八声甘州·辛稼轩水调歌头和杨济翁、破阵子为陈同甫赋及本调读李广传，皆自写肮脏，不独鹧鸪天追念少年时也。余少志颇似稼轩，辛亥以后，始一意文史。去冬谢太学归卧海上，至菽水不给，遂斥藏书，辄效稼轩体赋此
729545,己亥杂诗 其三○五
42226,已亥杂诗·古人制字鬼神泣
729272,己亥杂诗 其五十三
693362,癸亥六月念一日同寅诸公过予敝道看竹因留小酌遂成拙作二首索和
769292,登凤岭绝顶俯看云气同亥白兄作
729484,己亥杂诗 其五十九
729415,己亥杂诗 其二五二
800664,客有谈海上已亥之变诗以纪之
271614,辛亥元旦·北风留我住潇湘
729511,己亥杂诗 其一七七
448999,破阵子 癸亥春暮故宫怀古
42044,已亥杂诗·杭州梅舌酸复甜
1133796,予丁亥生壬寅年七十六留杭十二年
42126,已亥杂诗·昭代恩光日月高
249485,癸亥新春雨登越秀山参观广东明清绘画展
729236,己亥杂诗 其七
443323,丁亥六月既望芙蓉园雅集用杜曲江韵
296619,辛亥纪事·肠断斑骓送陆郎
879355,辛亥长至后二首 其一
42105,已亥杂诗·与吾同祖砚北者
64997,皇夫叹·岁当己亥三月初
365654,己亥杂诗·墙外垂杨尽别家
365665,己亥杂诗·螺壳漫山纸蝶飞
428456,癸亥九月偕程君颂嘉、王子云轩、顾子经笙、吴子斡卿游青山寺纪之以诗三首 其三
470798,癸亥春夜泊娄江哭徐子元晦四首 其三
729385,己亥杂诗 其二一四
785910,己亥杂诗 其八
42066,已亥杂诗·一脉灵长四叶貂
729510,己亥杂诗 其一七五
407739,丁亥暑中杂诗 黑色花
829408,崇效寺看牡丹并观红杏青松图卷自辛亥后越二十九年复来此寺不胜凄感
1033861,嘉熙己亥大旱荒庚子夏麦熟 其二
703904,癸亥立春先一日以册封之役再过东林
1138655,丁亥寿药房先生四首 其一
364947,己亥杂诗·生是天骄死鬼雄
883956,辛亥二月望祭斋宫因游甘园 其四
42156,已亥杂诗·鹤背天风堕片言
729321,己亥杂诗 其一一四
786014,己亥续怀人诗 其二十三
713269,乙亥除夕同袁密山史蕉隐蓝公漪集王紫诠使君寓斋次东坡元旦立春韵三首时余以夜禁先归 其二
541810,送友人读书玄墓山己亥庚子余尝读书于此
66389,己亥初夏
813962,乙亥元日庐州作
218197,丁亥岁予留建康梦登大桥仰视霄汉有金书阁字
700829,癸亥冬得告西还途次漫赋
759760,己亥除夕
729428,己亥杂诗 其二六六
1236696,丁亥过沙井和移剌子春韵二首
42109,已亥杂诗·儿谈梵夹婢谈兵
771639,乙亥岁毗陵道中
42076,已亥杂诗·似笑山人不到家
605606,正月十五夜奉迎邑侯雨中观灯雅集岁癸亥余尝为榕溪灯夕词十二章今采民谣复为甲子灯夕词十六章抚今追昔喜可知也 其十四
627132,丁亥仲春余归自岭右暂憩乡园读杜工部秦州杂咏怅然感怀因次其韵 其十四
164634,己亥题茅山玉晨观
562366,辛亥七夕五首 其五
789704,辛亥岁暮杂诗二十首 其二十
111903,景定癸亥特旨以布衣
796835,台城路 辛亥秋送丽轩入都
322757,五月二十七日入栈值余生日戏作二律邀亥白兄及吕湘帆和
658938,乙亥新正十日过陈湖二绝 其一
379271,辛亥1911年履端闻雷
563181,辛亥秋仿吾家北苑笔于渎川山庄寄邢子愿侍御
296620,辛亥纪事·宗室求贤访逐臣
627127,丁亥仲春余归自岭右暂憩乡园读杜工部秦州杂咏怅然感怀因次其韵 其九
732117,己亥冬怀
195535,辛亥岁七夕醉陪诸公登西湖竹阁
950549,至鄂期年以饟事不给于诗己亥夏五月廿有八日始解维雪锦夜宿兴唐寺繁星满天四鼓遂行日初上已抵浒黄洲几百里矣午后南风薄岸舟屹不能移延缘葭苇间至莫不得去始作纪事十解呈旧幕诸公 其五
417678,贺新郎 乙亥春宋词来饮 畅叙甚欢 次日赋此寄赠
447483,丁亥九日霍山登高与中镇社友同用小杜九日齐山登高韵
262844,临江仙·乙亥春日
729384,己亥杂诗 其二一○
443109,玉楼春 乙亥除夕作
759973,东山感春诗，次己亥感秋韵 其一
49844,《癸亥元日
1033862,嘉熙己亥大旱荒庚子夏麦熟 其五
45989,丁亥元夕用东坡韵
283335,东风第一枝·壬戌十二月二十日立癸亥春，和梅溪韵
164392,丁亥沔阳春时即事简吴叔永
304446,乙亥秋·申君温克午君豪
248074,满庭芳·丁亥花朝日感赋并序
468377,辛亥冬十月九日从余兄原礼及陆好问刘主敬同登萝岩倚圣屏憩禅庵饮清凉池临筀竹湾谒龙湫玩仙李遂宿绝顶看月明日南俯大小车岩望东西二岭还北崖瞰石龟石笋复游眺久之乃下山所得奇胜赋长句五首 其四
59555,己亥元日寓舍独坐对雨
950702,己亥明禋恩封邺侯感愧有作二首 其一
690671,癸亥榕溪灯夕谣
909402,己亥题茅山玉晨观
785986,己亥杂诗 其八十四
306430,乙亥元日·呜鞭万户尽春声
825683,孝胥以戊戌九月出京至庚戌七月入京凡十三年有诗纪之辛亥九月出京至癸亥七月入京亦十三年且出京皆以九月入京皆以七月悟而嗟叹自念生逢世乱穷老无所就复为此诗
825683,孝胥以戊戌九月出京至庚戌七月入京凡十三年有诗纪之辛亥九月出京至癸亥七月入京亦十三年且出京皆以九月入京皆以七月悟而嗟叹自念生逢世乱穷老无所就复为此诗
761069,卜算子 辛亥岁始春，故人治舟相约观梅于邓尉诸山，雨雪载涂，余以畏寒不出，因忆山中讨春旧游，次韵白石道人梅花八咏以示同志，一丘一壑自谓过之，若所作则伧歌无复雅句也。 其四
789703,辛亥岁暮杂诗二十首 其十九
303279,虞美人·辛亥九月作
254409,书懒残《读己亥杂诗注》后
729252,己亥杂诗 其二十七
443959,丁亥孟春与江右诗社诸君游蒋巷
805131,浣溪沙 癸亥九日客阙里
411786,乙亥元日读陈龙川集有感时事
729329,己亥杂诗 其一二六
1098124,辛亥九日被檄视涝遂爽同官饮菊之约夜宿荒驿风雨达曙
909673,虞美人 己亥春
304445,乙亥秋九月至旧京视散原先生日
480248,己亥中元陪祀山陵道中奉和杨学士先生韵四首 其四
729459,己亥杂诗 其八十七
370873,摸鱼儿·己亥初春过太湖次李秋堂韵
996201,癸亥立春日煮茗于石池寺见庚戌中盛二十舅中叔为县时题名叹此寺不日而成哀县学弊而不能复
50210,辛亥除夕·移居湖水上
769328,阻雨二日与亥白搜剔武连轶事咏之得四首 其二 逍遥楼
1032891,己亥大旱官催秋苗甚急
926062,摸鱼儿 淳熙己亥，自湖北漕移湖南，同官王正之置酒小山亭，为赋
729489,己亥杂诗 其七十三
281944,癸亥九秋·茗碗清谈试竹炉
42028,已亥杂诗·蟠夔小印镂珊瑚
1213275,丁亥清明东平寄二弟济州学正
75075,八月六日丁亥释奠孔子庙
365690,己亥杂诗·地球捧问海中央
361837,己亥十一月十三日南郊祭天斋宫即事赐太师
645964,乙亥季夏还山居偶兴
522332,淑人生日奠柩前仍用乙亥岁韵
271750,烛影摇红·辛亥十二月廿五日作
785925,己亥杂诗 其二十三
721247,己亥秋日有寄
1134344,丁亥生日纪事五首 其二
470797,癸亥春夜泊娄江哭徐子元晦四首 其二
42002,已亥杂诗·阻风无酒倍消魂
785936,己亥杂诗 其三十四
766378,阮郎归 余以嘉庆癸亥就婚于长沙郡署，阅今三十九年，旧游重历，距先室之殁一星终矣
331721,乙亥冬暮晓行
839440,丁亥六月挽曾中翰君静二首 其二
729524,己亥杂诗 其二二三
41940,己亥杂诗·偶赋凌云偶倦飞
42170,已亥杂诗·九边烂熟等雕虫
381854,乙亥除夕·父兄持我来京日
155595,己亥中秋·二七月皎皎
365660,己亥杂诗·野外团焦岭上田
377576,问话行者智仁炷香请语以此赠之景定癸亥至节虚堂老僧书于雪窦西庵送日本南浦知客
729381,己亥杂诗 其二○七
365655,己亥杂诗·忍向当门再种兰
42199,已亥杂诗·濯罢鮫绡镜槛凉
262000,鹧鸪天·辛亥九秋吴门赁庑养疴有作
42102,已亥杂诗·太湖七十溇为墟
422906,辛亥三月二十九日广州之役，余在北京狱中，偶闻狱卒道一二，未能详也，诗以寄感 其一
139674,九月丁亥秋祀毕劳农北郊苏提干以疾不往心诗
1222402,山阳偶与大继长相遇自辛亥年相别至今廿八年矣追念畴昔作诗为赠
147005,嘉熙己亥大旱荒庚子夏麦熟
403952,翠楼吟·题贵州兴义蒋秋溪先生《泽畔行吟图》，丁亥1947
42059,已亥杂诗·学羿居然有羿风
713787,辛亥中秋夕作
42236,已亥杂诗·蜀冈一老抱哀弦
785907,己亥杂诗 其五
409577,癸亥杂感（四十三首选十二） 其三
826542,念奴娇·春晚泛舟枫桥寒山寺。寺为某中丞重建。古微丈为言辛亥八月宴集于此，归舟谱此词，盖不胜黍离之悲也
364964,己亥杂诗·蜡余忽梦大同时
445193,丁亥清明先君物化三十年矣
839441,丁亥九月静圃主人留饮玩月，即席成二律用题瑞莲图韵 其一
145894,古心江先生以旧弼出镇长沙癸酉十月乙亥是为
802211,登舟一夕对酒偶成时从阅云梯关归清江浦丁亥十月 其一
380829,卜算子·辛亥岁始春
791195,癸亥除夕
816425,己亥杂诗
42007,已亥杂诗·八岁梦到矍相国
288774,东坡引·庚午立辛未春后三日饮子有宅。客有为意钱戏者，亥夜始罢酒
605584,癸亥榕溪灯夕谣 其六
636183,癸亥珠崖元旦漫兴
844697,孙师郑以感逝诗徵题诗分甲乙二集辛亥后不仕者入甲集出仕者入乙集大半亦我师友也二首
657506,辛亥大寒梁塘道中有作 其一
464295,浪淘沙 其一 癸亥正月和弟岁暮作
729343,己亥杂诗 其一四五
42071,已亥杂诗·书梦亚驼告有意
169262,己亥元日
328046,己亥除夕梦中得句
613122,癸亥秋寄家兄弟 其二
619947,己亥中秋偕社中诸子登元魁塔会被饮文昌阁笙歌备奏群英咸集赋以纪之 其九
303289,采桑子·辛亥七夕
364944,己亥杂诗·当时传檄开荒令
729494,己亥杂诗 其一一七
697630,乙亥春日效长庆心身问答三首 心问身
829788,己亥与章枚叔夜饮即送其之天津二首
364946,己亥杂诗·一刀截断大河横
324728,满江红·癸亥九日
729424,己亥杂诗 其二六二
400488,虞美人 己亥除夕花市
287038,乙亥东坡生日距景祐丙子凡九百岁同人集于社园水榭分韵得逢字
66401,洪武癸亥以公事出会宁北境
42211,已亥杂诗·逝矣斑骓罥落花
559212,辛亥守岁二绝 其二
729288,己亥杂诗 其七十六
785981,己亥杂诗 其七十九
950914,己亥八月廿一日除书予拜太平兴国宫祠官呈赵季茂
461945,白雪·雪 丁亥自寿
42202,已亥杂诗·喜汝文无一笔平
288302,癸亥杂感·庭前惆怅菊花残
42058,已亥杂诗·故人横海拜将军
785996,己亥续怀人诗 其五
158462,依韵奉和司徒侍中辛亥三月十八日游御河
785962,己亥杂诗 其六十
729490,己亥杂诗 其七十四
400226,忆旧游 辛亥新春感事
729463,己亥杂诗 其二十八
813039,怀亥白兄寿门弟二首
30344,丁亥岁作
485386,听教坊旧妓郭芳卿弟子陈氏歌（时至正己亥岁作）
785947,己亥杂诗 其四十五
867402,东风第一枝 其二 壬戌闰腊望，雨中立癸亥春，与高宾王各赋
427017,虞美人·辛亥九月作
42178,已亥杂诗·眼前二万里风雷
875361,辛亥各口占十绝 其五
1083231,辛亥中秋不见月
729353,己亥杂诗 其一五九
729474,己亥杂诗 其一九六
729258,己亥杂诗 其三十五
42216,已亥杂诗·少慕颜曾管乐非
404040,蝶恋花·感事四章，拟云起轩词格调，丁亥春
42188,已亥杂诗·坐我三熏三沐之
729373,己亥杂诗 其一九○
757367,东风第一枝 癸亥元旦喜雪次蕊渊二姊韵
41950,己亥杂诗·一百八下西溪钟
148569,二十年前与曾恭仲为忘年之交岁辛亥值便赋长
729306,己亥杂诗 其九十五
914316,辛亥元日送章德茂自建康移帅江陵二首 其一
844764,辛亥夏五月自香港重游日本寓任甫须磨双涛园筑室同居与任甫离居者十三年槟榔屿香港一再见亦于今八年矣儿女生于日本皆不能识相见如梦寐任甫赋百韵诗先有四律奉迎答以四律
277403,辛亥三月二十九日广州之役，余在北京狱中
618604,时于丁亥冬杪百物衰残读昔人七哀不禁呜咽辄赋所感因物自伤不在乎数也感萤
224823,癸亥秋陪张丞相游西湖和周去华机宜韵
732424,辛亥孟夏二十八日三兄嘉经归葬东淘
288903,石屏诸天寺双塔，宋阿么蛮造也，丁亥冬地震折其半，纪之以诗
914531,癸亥上巳即事
808159,摸鱼儿  己亥初春过太湖次李秋堂韵
365662,己亥杂诗·反哺难期妇乳姑
729352,己亥杂诗 其一五八
287945,师郑汇辛亥自题诗史乙编同人和章名曰忧吁集感题其后叠前韵
226800,乙亥六月乡民祈雨寿春祠下嘉澍既降槁苗尽兴
605601,正月十五夜奉迎邑侯雨中观灯雅集岁癸亥余尝为榕溪灯夕词十二章今采民谣复为甲子灯夕词十六章抚今追昔喜可知也 其九
839428,丁亥人日由家赴虞，寄怀刘石香
444967,己亥日晓来一梦，见雨里蔷薇，记之
372601,辛亥上巳会许公亭
985397,鹧鸪天 其二 癸亥十一月十四日为内子寿
41975,已亥杂诗·美人才调信纵横
613006,辛亥春日读书凤台社中此先君论文地也感而赋之
368213,己亥十月晦大雷雨
829386,辛亥八月十一日生日感赋
599936,贺箕野七十一丁亥正月十三日 其二
729283,己亥杂诗 其六十七
769668,沁园春·忆丙寅九月八日为先子六十诞辰，客汪舟次先生家，先生张宴为寿。今己亥是日，从郡返里，追念往昔，不禁盛衰存殁之感焉。赋此兼示公有
1029432,乙亥六月乡民祈雨寿春祠下嘉澍既降槁苗尽兴万口一辞颂神之德予喜聊成俚语以书祠壁
42247,已亥杂诗·花神祠与水仙祠
785905,己亥杂诗 其三
563049,癸亥元日与林茂之焦焦氏易林贻以福橘五颗□之有作依韵和之
59903,己亥秋月寄升庵
831365,小重山 辛亥九日莱园登高
1075074,辛亥冬无雪天气妍暖如禁烟时书所感三绝句 其二
905755,己亥季秋至净居思大智者道场因瞻二士相三日会天大雨不得探险绝而以诗记之 其二
785979,己亥杂诗 其七十七
42079,已亥杂诗·盘堆霜实擘庭榴
521079,辛亥感兴六首 其六
820358,贺新郎 题内子霞客晴雪楼台小照是照为乙未春间事行十年矣辛亥长夏题于南溟之万木山房
532054,丁亥除夕
729265,己亥杂诗 其四十五
631397,癸亥除夕
1033864,嘉熙己亥大旱荒庚子夏麦熟 其六
657507,辛亥大寒梁塘道中有作 其二
671767,乙亥春日 其二
671769,乙亥春日 其四
605579,癸亥榕溪灯夕谣 其一
259481,丁亥三月二十五日雪
764965,贺新郎 庚戌九月为既庭师五帙，浪迹燕齐，未获捧觞称庆，隔岁归来，绘云松图补祝，时辛亥正月望后，梅花盛开日也
828469,乙亥除夕
42045,已亥杂诗·少年尊隐有高文
729369,己亥杂诗 其一八六
433438,癸亥十二月十八日淩晨置酒奉宴太夷先生赋呈六绝句
431456,辛亥六月读白门悲秋集怀周君实丹三首
1052540,二月己亥晓出城祀高禖 其二
42035,已亥杂诗·随身百轴字平安
281952,癸亥九秋·自怜家住湖山窟
42042,已亥杂诗·美人信有错刀投
783847,乙亥九月九日纪事诗四首 其三
452136,丁亥十月十五与诸诗友夜游西湖
968640,蝶恋花 其二 己亥同常监游洪阳洞题肯堂壁
785989,己亥杂诗 其八十七
729339,己亥杂诗 其一四○
605585,癸亥榕溪灯夕谣 其七
444350,琵琶仙 癸亥上巳后二日小集冷香簃，主人擅琵琶，席上奏霓裳羽衣曲，索赋
886675,丁亥清明和昭德侄孙韵
729456,己亥杂诗 其三○九
446012,丁亥首夏既望后一日功权招饮戒台寺四家联句
729405,己亥杂诗 其二四○
879354,辛亥长至后二首 其二
729338,己亥杂诗 其一三九
814918,馀故里无家久寓吴下去年于马医巷西头买得潘氏废地一区筑室三十馀楹其旁隙地筑为小园垒石凿池杂莳花木以其形曲名曰曲园乙亥四月落成率成五言五章聊以纪事
729295,己亥杂诗 其八十三
789701,辛亥岁暮杂诗二十首 其十七
524142,乙亥元日柬台省何边二使君边病卧久
343721,丁亥除夕·濒年短发损形容
296481,辛亥纪事·西来双燕信休通
42173,已亥杂诗·谁肯栽培木一章
42205,已亥杂诗·客心今雨匿旧雨
41948,己亥杂诗·少年哀乐过于人
782358,乙亥春得读遂堂先生庆芝堂集既卒业遂成长句以志向往之诚
769236,怀亥白兄寿门弟二首 其二
364951,己亥杂诗·三年团扇在怀袖
424444,东坡引·庚午立辛未春后三日饮子有宅。客有为意钱戏者，亥夜始罢酒。归途雪大作，楼阁衢术皆琼瑶。用青兕五十九字体写之
507655,己亥房山除夕营中作 其四
759664,己亥五月二日东山大忠祠祝文信国公生日 其四
78222,闰月辛酉壬戌连日风雨癸亥早晴
840552,朱竹君先生竹屋著书图乾隆己亥四月陈凤翔作四首 其四
1143820,回生丁亥方端叟乙酉长二岁其弟名万里庚寅少三岁用予旧韵来订兄弟之盟依韵奉答二首
819012,己亥除夕选二 其一
365687,己亥杂诗·寒灯说鬼鬼啾啾
950548,至鄂期年以饟事不给于诗己亥夏五月廿有八日始解维雪锦夜宿兴唐寺繁星满天四鼓遂行日初上已抵浒黄洲几百里矣午后南风薄岸舟屹不能移延缘葭苇间至莫不得去始作纪事十解呈旧幕诸公 其三
879387,辛亥季冬雪中作
81288,癸亥初冬作
42005,已亥杂诗·对人才调若飞仙
448742,题徐对庐先生手书定庵己亥杂诗长卷
605597,正月十五夜奉迎邑侯雨中观灯雅集岁癸亥余尝为榕溪灯夕词十二章今采民谣复为甲子灯夕词十六章抚今追昔喜可知也 其五
41937,己亥杂诗·风云材略已消磨
818975,留赠方药雨 丙申之冬入天津洎己亥秋始得归将行赋此二律 其一
729351,己亥杂诗 其一五七
419498,望江南 丁亥春日，自题画竹赠家珠
501016,龙凤己亥秋九月上於建龙关仪凤楼杂写金陵山川六处命僚属各赋绝句走笔立成
785919,己亥杂诗 其十七
42111,已亥杂诗·小婢口齿蛮复蛮
42150,已亥杂诗·少年哀乐过于人
432761,癸亥九秋，蒋遇春先生约同人游青山寺，素餐后又驱车游荣氏植物园四首
749047,己亥新秋言怀
750304,癸亥仲秋游狼山饭于白衣庵
709249,丁亥莫春有怀
1243710,冬景十绝（李从道丽泽诗社出题至治己未至己亥四十年矣） 其十 烟蓑钓雪
444809,浣溪沙·丁亥子月初雪
429644,癸亥十二月十八日淩晨置酒奉宴太夷先生赋呈六绝句 其二
729400,己亥杂诗 其二三三
428444,辛亥西城寒食之会，观岱为良赉臣、吴绶卿二烈士作画；寒厓孙先生自兰州到京，亦当日座上客。思之黯然二首 其一
42183,已亥杂诗·奇气一纵不可阖
771215,紫萸香慢•癸亥重九，独游琼岛
444630,丁亥九月十九和晦窗先生观音菩萨出家日偈子
42248,已亥杂诗·灵箫合贮此灵山
430927,题怀霜和定庵己亥杂诗
638967,癸亥冬至以次该陪祭陵因病不果承学录昌平李廷用先生慨然见代因赋二律奉赠 其一
429649,癸亥岁除啸麓约同书衡年伯治芗嘿丈释龛游西山循往例也余与嘿释先返日尚未晡晤杜盦祗庵于省中并记所语
283003,扬州慢·己亥八月客扬州，用石帚韵，呈江蓉舫年丈
42229,已亥杂诗·鬼灯对对散秋萤
210825,辛亥长至后·遥想清台上
961911,辛亥春夜雪忽积竹松攲折过半
497815,丁亥(1)南山登高 其八
57081,癸亥暮秋遣祀山陵恭览七陵御寝
42061,已亥杂诗·将左晨星一炬存
327914,己亥十月朔观堂中黄花有感
442460,和新加坡张百川先生《乙亥重印名片有题》元玉
288282,癸亥杂感·权归庆父贼犹强
729409,己亥杂诗 其二四五
364358,己亥杂诗·老健真应饱看山
905044,己亥出南康宫伯称以诗赠行次韵三首 其三
533686,癸亥十月书事 其二
42172,已亥杂诗·金门缥缈廿年身
729355,己亥杂诗 其一六二
526786,癸亥杂诗八首 其五
42056,已亥杂诗·剔彼高山大川字
443971,西湖月 丁亥葭月之望雨中泛舟西湖
106938,己亥十一月二十一日长至前一旬书
41989,已亥杂诗·一十三度溪花红
549130,癸亥夏五祷海祈风有应郭赞司以诗投赠倚和
451807,忆旧游 丁亥冬三探西溪偕诸子谒两浙词人祠新河命和樊榭
520648,乙亥五月五日王佥宪文明邀宴庐陵螺川驿楼观竞渡
42159,已亥杂诗·眉痕英绝语謖謖
819003,己亥与章枚叔夜饮即送其之天津二首 其一
1039562,辛亥寒食
431003,金缕曲 乙亥立秋日，有事巴陵，与方宪武、朱汉爵、陈秋珉游岳阳楼、小乔墓、九华山诸胜
795335,鹊桥仙 丁亥七夕
41953,己亥杂诗·琼林何不积缗泉
769206,入峡病中同亥白兄作 其三
759662,己亥五月二日东山大忠祠祝文信国公生日 其二
562365,辛亥七夕五首 其四
1169473,赋寒食日亥时
451665,满庭芳 丁亥花朝日感赋并序
729411,己亥杂诗 其二四七
950545,至鄂期年以饟事不给于诗己亥夏五月廿有八日始解维雪锦夜宿兴唐寺繁星满天四鼓遂行日初上已抵浒黄洲几百里矣午后南风薄岸舟屹不能移延缘葭苇间至莫不得去始作纪事十解呈旧幕诸公 其四
446207,丁亥冬至夜作
785977,己亥杂诗 其七十五
785956,己亥杂诗 其五十四
470799,癸亥春夜泊娄江哭徐子元晦四首 其四
426122,丁亥清明扫墓赵庵有感
761071,卜算子 辛亥岁始春，故人治舟相约观梅于邓尉诸山，雨雪载涂，余以畏寒不出，因忆山中讨春旧游，次韵白石道人梅花八咏以示同志，一丘一壑自谓过之，若所作则伧歌无复雅句也。 其六
42113,已亥杂诗·缱绻依人慧有余
905756,己亥季秋至净居思大智者道场因瞻二士相三日会天大雨不得探险绝而以诗记之 其一
526783,癸亥杂诗八首 其二
268038,齐天乐·乙亥燕山中秋，忆故里林家同竹韵看月
42143,已亥杂诗·七里虹桥腐草腥
526782,癸亥杂诗八首 其一
461399,丁亥秋事六章 其五 秋星
822634,西平乐 癸亥秋莅官清江，政简多暇，蒐集县先正宋孔文仲、武仲、平仲、刘敞、刘攽、徐天麟、徐梦华、张洽、向子諲、杨无咎、杨至质、元杜本、范椁、傅若金、杨士宏、明敖英、杨廷麟等遗箸，编为清江先正遗书，将次第校印，遽迁官去，惜其不成，漫题目录后，用清真韵
1131921,绍熙辛亥六月中伏日出郭观稼小休野石读仲权正字壁间所题诗因次韵
461396,丁亥秋事六章 其二 秋草
786009,己亥续怀人诗 其十八
427256,清平乐·辛亥中秋山居忆旧
700993,癸亥秋寄家兄弟
42000,已亥杂诗·从今誓学六朝书
281906,辛亥秋感·无故干戈动
677690,乙亥春日效长庆心身问答三首 其一 心问身
48527,己亥中元陪祀山陵道中奉和杨学士先生韵·路尽邮亭始入京
435956,辛亥寒食
1221703,辛亥岁秋帘分韵得上字
838453,己亥春日感兴 其六
59879,先舅大中府君己亥岁尝制十四咏寿宝林褧老师
615036,癸亥春日再游禺峡怀朱惟四
729432,己亥杂诗 其二七三
50605,己亥三月六日因雨宿西山白马涧早兴湿云如墨
42128,已亥杂诗·前车辙浅后车缩
785946,己亥杂诗 其四十四
810023,虞美人 丁亥秋八月十八日，石湖丳月，舟中客语小红故事，时同社方和白石暗香疏影二曲，馀情赋此，仍次姜韵，梦游之感，同一凄独也。
785923,己亥杂诗 其二十一
613121,癸亥秋寄家兄弟 其一
428455,癸亥九月偕程君颂嘉、王子云轩、顾子经笙、吴子斡卿游青山寺纪之以诗三首 其二
42072,已亥杂诗·娇小温柔播六亲
265850,丁亥九日，次苏堂韵
916324,己亥年十月十七日大雪
42168,已亥杂诗·子云壮岁雕虫感
644274,辛亥新岁程处士见过常孰别墅临别赋诗
843444,菩萨蛮 丁亥八月十五夜对月
305678,癸亥十二月十八日淩晨置酒奉宴太夷先生赋呈六绝句
106733,丁亥生日纪事
838451,己亥春日感兴 其四
42164,已亥杂诗·少年虽亦薄汤武
832903,婆罗门引 六月既望，水西小榭纳凉，忆己亥是夕龙树寺旧游。用梦窗韵
41947,己亥杂诗·秋心如海复如潮
843521,八归 丁亥九月十二日舟发新州同仲叔返省应院试徐大同行联句一阕
221611,辛亥春别湖上诸友
42116,已亥杂诗·连宵灯火宴秋堂
448946,浣溪沙 癸亥春暮登万里长城
729478,己亥杂诗 其二十二
443997,丁亥季夏与中华诗词研究院诸子雅集西安大唐芙蓉园次老杜曲江二首韵 其二
605599,正月十五夜奉迎邑侯雨中观灯雅集岁癸亥余尝为榕溪灯夕词十二章今采民谣复为甲子灯夕词十六章抚今追昔喜可知也 其七
834918,齐天乐 乙亥燕山中秋，忆故里林家同竹韵看月
834429,西江月 其二 癸亥岁朝闺兴
212238,癸亥秋行县夜寓下生院倦甚慨然有归欤之兴戏
901764,癸亥春
999705,辛亥九日晚登骑山楼
729508,己亥杂诗 其一七一
365692,己亥续怀人诗
42129,已亥杂诗·俭腹高谈我用忧
605602,正月十五夜奉迎邑侯雨中观灯雅集岁癸亥余尝为榕溪灯夕词十二章今采民谣复为甲子灯夕词十六章抚今追昔喜可知也 其十
41996,已亥杂诗·女墙百雉乱红酣
729479,己亥杂诗 其二十三
1039588,辛亥重九登骑山楼
470741,闻警二首（乙亥三月） 其二
411938,孙师郑先生见示乙亥元旦诗四律依均奉答 其二
42179,已亥杂诗·齿如编贝汉东方
532360,丁亥六月七日夜书寄道通弟
599871,乙亥被命出山别三城诸君子
404042,齐天乐·丁亥中秋
605187,乙亥元日
42019,已亥杂诗·今日闲愁为洞庭
287295,己亥除夕·雨雪经旬日
254579,百字令·丁亥1947中秋前一夕
404757,虞美人·乙亥早春独游玄武湖
304447,乙亥秋·友如兄弟弟如友
406919,丁亥新秋，天慵复以诗来垂问鄙况，次韵却寄
1057064,乙亥岁八月十五日夜同景叔知府少卿翼道提举大夫望月于河中之名阃堂兼简襄守欧三叔弼虢守孙八元忠二首 其一
318303,虞美人·己亥除夕花市
779410,喝火令 己亥惊蛰后一日，雪中访云林，归途雪已深矣。遂拈小词，书于灯下
1227152,读王维夷门歌尽述侯嬴朱亥之事今春侍大人官汴省得以周览城郭而遗台废圃往往瓦砾山积所谓夷门者不可复识其处而嬴亥遗迹无知之者千数百年于此矣用其意作歌续其后大德甲辰岁也
1227152,读王维夷门歌尽述侯嬴朱亥之事今春侍大人官汴省得以周览城郭而遗台废圃往往瓦砾山积所谓夷门者不可复识其处而嬴亥遗迹无知之者千数百年于此矣用其意作歌续其后大德甲辰岁也
428445,辛亥西城寒食之会，观岱为良赉臣、吴绶卿二烈士作画；寒厓孙先生自兰州到京，亦当日座上客。思之黯然二首 其二
1091150,乙亥岁东游会稽谒禹陵过马臻祠下询所谓鉴湖者则已堙塞为民田因赋
42234,已亥杂诗·一言恩重降云霄
729308,己亥杂诗 其九十八
446217,丁亥岁杪闻家乡大雪
729278,己亥杂诗 其六十
729290,己亥杂诗 其七十八
291182,百字令·马关春帆阁，甲午中日议订和约处也。辛亥孟秋东游经此，不胜感慨，因赋
487431,中秋初度有感二首乙亥 其一
729460,己亥杂诗 其四十四
336703,辛亥冬无雪天气妍暖如禁烟时书所感三绝句
1137405,己巳秋七月不雨人心焦然乃戊午斋宿致城隍清源渠渡龙君嶅山五神于州宅以祷始至雨洗尘自是间微雨辄随止旱气转深苗且就槁要神弗获某忧惧不知所出越癸亥日亭午率郡僚吏申祷于庭未移顷雨大挚旄稚呼舞皆曰神之赐也某既拜贶又明日以神归念无为神报者乃作送神之诗七章以侈神功且又以祈焉 其七
33371,己亥岁二首其一
42181,已亥杂诗·端门授命有云礽
42162,已亥杂诗·明知此浦定重过
830211,辛亥夏五月自香港重游日本寓任甫须磨双涛园筑室同居与任甫离居者十三年槟榔屿香港一再见亦于今八年矣儿女生于日本皆不能识相见如梦寐任甫赋百韵诗先有四律奉迎答以四律 其二
189491,辛亥寒食清明之交社陵先生暂归省谒与诸生食
632395,丁亥元旦昧庵试笔
288236,倒犯·癸亥九月一日赋京师鸭炙
409578,癸亥杂感（四十三首选十二） 其四
470796,癸亥春夜泊娄江哭徐子元晦四首 其一
816546,登舟一夕对酒偶成时从阅云梯关归清江浦丁亥十月
627138,丁亥仲春余归自岭右暂憩乡园读杜工部秦州杂咏怅然感怀因次其韵 其二十
819844,辛亥八月十一日生日感赋 其二
466501,壬子春词 辛亥岁杪，与叶红自琼归省，旋于壬子春节结缡于广州，并同游肇庆，下榻鼎湖山，有作
569851,丁亥元日即事
280252,夜过赤壁丁亥
862523,予寓家龟溪赋廪郡故事郡将始至及其将行皆一奉谒予非异人也不敢异众故自壬戌三月至癸亥暮春计裁一年往来三宿何山寺退而自笑复自怜也质明将发纵观殿藏奥曲睹慧枢二士经营成立之迹私有感焉因赋二绝 其一
780724,摸鱼儿 够亥六月留别新安作
317917,丁亥六月廿一日和长新店壁间韵
616678,乙亥午日衙内与四兄小酌
42268,已亥杂诗·闭门三日了何事
409582,癸亥杂感（四十三首选十二） 其八
1222406,丁亥岁十月十日夜梦乘船渡一大河既济望南岸一阁高数百尺窗户北向自檐至地上下以琉璃大帘垂蔽翠色半天甚奇丽也
729273,己亥杂诗 其五十四
829779,己亥除夕选二
581952,癸亥六月念一日同寅诸公过予敝道看竹因留小酌遂成拙作二首索和 其二
729233,己亥杂诗 其三
789693,辛亥岁暮杂诗二十首 其九
1072831,乙亥立春夜雨平旦大雪
263097,丁亥六月挽曾中翰君静
763949,最高楼 丁亥答文友楚中寄词
581959,癸亥岁晏漫成二首 其二
772342,己亥五月十日病起，登澄台，忆济光内渡
288305,癸亥杂感·忽听军声变楚歌
729279,己亥杂诗 其六十一
729318,己亥杂诗 其一一○
42075,已亥杂诗·皇初任土乃作贡
1251229,辛亥元宵和王希颜韵 其二
445263,丁亥九日遥念江右同仁狮子岭登高同用小杜九日齐山登高韵
554568,己亥人日是日壬子上表贺海平二首 其二
785999,己亥续怀人诗 其八
45921,亥年残秋偶作
42046,已亥杂诗·豆蔻芳温启瓠犀
575365,辛亥年戍边有感
829351,采桑子 丁亥岁暮即事
721493,乙亥除夕同袁密山史蕉隐蓝公漪集王紫诠使君寓斋次东坡元旦立春韵三首时余以夜禁先归
432744,辛亥秋感时客龙江
33372,己亥岁·传闻一战百神愁
42186,已亥杂诗·不容水部赋清愁
586992,乙亥十一月朔日食
765362,癸亥春夜与李二莪璋香小饮醉后有赠 其一
365682,己亥杂诗·尧天到此日方中
404615,玉楼春·癸亥暮春，友人过沪，旋飞去。忆曩日分携，亦在落花夕照之时，风景不殊，华年难再，归途怅惘，口占小令
252323,浣溪纱·丁亥重九斯奋先生命和小杜词以塞责
785964,己亥杂诗 其六十二
611848,辛亥重阳前一日行部永郡遇雨宿乌符观观白玉蟾驱蟒灵符及吕纯阳真笔诗
1114321,己亥季秋至净居思大智者道场因瞻二士相三日会天大雨不得探险绝而以诗记之
287501,虞美人·乙亥上巳，南京乌龙潭禊集，阻事未往，友人代拈“缀”字为韵
250438,丁亥十月十五与诸诗友夜游西湖
717454,乙亥生日病中作 其五
1124095,己亥十月送成父弟絜两户幼累归玉山五首
729264,己亥杂诗 其四十三
304448,乙亥秋·天悭后约敢奢望
729547,己亥杂诗 其三一二
690672,正月十五夜奉迎邑侯雨中观灯雅集岁癸亥余尝为榕溪灯夕词十二章今采民谣复为甲子灯夕词十六章抚今追昔喜可知也
476748,己亥秋月寄升庵
785966,己亥杂诗 其六十四
694920,丁亥(1)九日
566744,乙亥元日雪酌梅花馆 其二
424585,风入松 乙亥九日，怡园樊少云席上，听庄剑丞弹琴
559201,辛亥元日
42182,已亥杂诗·华年心力九分殚
383230,丁亥二月奏进大明会典赐白金文绮宴于南宫仍给三代诰命
403993,金缕曲·乙亥1995重阳与复旦二百老人同登东方明珠塔有感
372612,辛亥重九登骑山楼
914315,辛亥元日送章德茂自建康移帅江陵二首 其二
42062,已亥杂诗·五十一人忽少三
482845,钱塘筑城过西湖述怀二首（乙亥八月）
1070231,和柳子厚诗十七首 其十七 辛亥正月六日夜雷已发声大雨达旦山中流泉高下喷薄殆不啻九十九不减仇池也
499127,嘉靖巳亥南巡歌用韵 其二
42124,已亥杂诗·青鸟衔来双鲤鱼
612202,癸亥至日藤江舟中
441556,辛亥岁朝遣怀
403951,拜星月慢·丁亥1947中秋五月，倚声片玉
834658,辛亥三月薄游台湾主雾峰之莱园献堂三兄属题园中名胜得十二绝句 其六 捣衣涧
763514,木兰花令 其三 己亥中秋京邸怀旧
277107,癸亥清明后三日游天坛观两院诸公新植树次陈家鼎议员韵
729262,己亥杂诗 其四十一
497809,丁亥(1)南山登高 其二
42139,已亥杂诗·文章合有老波澜
820363,破阵子 辛亥回国避乱淞北人事变迁除夕忆星洲风景颇念异乡之乐
42030,已亥杂诗·可惜天南无此花
443972,忆旧游 丁亥子月既望游西溪
836268,贺新郎 丁亥闰四月十三日赋
755572,舟次白泖塘遇雪至梅里闻省城克捷时癸亥冬十月廿五日也
533687,癸亥十月书事 其四
438620,丁亥三月二十五日雪
789692,辛亥岁暮杂诗二十首 其八
123533,癸亥日泊舟吴会亭
671768,乙亥春日 其三
296731,己亥春日感兴
41945,己亥杂诗·陶潜诗喜说荆轲
497808,丁亥(1)南山登高 其一
442838,喜读章唐笺先生《丁亥七月与刘君梦芙重逢鹏城席间口占》步和一律
730090,馀故里无家久寓吴下去年于马医巷西头买得潘氏废地一区筑室三十馀楹其旁隙地筑为小园垒石凿池杂莳花木以其形曲名曰曲园乙亥四月落成率成五言五章聊以纪事 其三
42031,已亥杂诗·万绿无人嘒一蝉
45990,丁亥春日清华园作
1032504,城南五题 其四 朱亥墓
54379,癸亥除夕
298182,水龙吟·辛亥岁除
349520,登舟一夕对酒偶成时从阅云梯关归清江浦丁亥十月
814597,卜算子 辛亥岁始春，故人治舟相约观梅于邓尉诸山，雨雪载涂，余以畏寒不出，因忆山中讨春旧游，次韵白石道人梅花八咏以示同志，一丘一壑自谓过之，若所作则伧歌无复雅句也。
443957,丁亥元夕
365691,己亥杂诗·镜中几几换容仪
464471,金缕曲 辛亥六月，钟埭视凯儿，归途摄影后记。
430471,辛亥六月读白门悲秋集怀周君实丹三首 其二
430991,西江月 癸亥青岛中秋
909554,水调歌头 其二十五 辛亥中秋和陈次贾，用坡仙韵
627133,丁亥仲春余归自岭右暂憩乡园读杜工部秦州杂咏怅然感怀因次其韵 其十五
1241084,辛亥除夕三首 其三
689918,中秋初度有感二首乙亥
729360,己亥杂诗 其一七四
250816,浣溪沙·癸亥春暮登万里长城
404167,玉楼春·丁亥，一九四七年
440168,忆旧游 丁亥仲冬既望游西溪用樊榭韵
41981,已亥杂诗·故人有子尚饘粥
688778,癸亥春夜泊娄江哭徐子元晦四首
41936,己亥杂诗·浩荡离愁白日斜
479669,乙亥元日十峰饮师邵东斋出予家桂饼师邵有诗自墙上递至次韵奉答
385302,辛亥除夕守岁
729451,己亥杂诗 其三○三
1142367,高贤孺厚斋使君之令子自番来霅访明亲旧此意甚古岁辛亥余识厚斋金陵通守之舍堂陪朔斋刘公饮海棠花下俯仰四十五年追念悽然
819010,己亥秋别天津有感寄怀严蒋陈诸故人四首 其三
729316,己亥杂诗 其一○八
834188,金缕曲 乙亥除日樊城度岁作
879967,丁亥冬感怀寄赵章泉三首 其三
42192,已亥杂诗·残客津梁握手欷
729538,己亥杂诗 其二八六
592094,癸亥明堂大祀礼成纪事
729235,己亥杂诗 其六
950546,至鄂期年以饟事不给于诗己亥夏五月廿有八日始解维雪锦夜宿兴唐寺繁星满天四鼓遂行日初上已抵浒黄洲几百里矣午后南风薄岸舟屹不能移延缘葭苇间至莫不得去始作纪事十解呈旧幕诸公 其八
33869,侯嬴朱亥
627126,丁亥仲春余归自岭右暂憩乡园读杜工部秦州杂咏怅然感怀因次其韵 其八
729423,己亥杂诗 其二六一
879227,满江红 其二十五 次韵徐使君癸亥灯夕
42224,已亥杂诗·科以人重科益重
507656,己亥房山除夕营中作 其五
1228748,辛亥清明日陪彭琦初黄用寔八人同登螺山瑞华用仲子尚文韵
42269,已亥杂诗·科名掌故百年知
408893,癸亥元旦
523661,丁亥立秋
304104,辛亥八月二十五日舟过黄州
128801,辛亥三月击舟潇湘
42141,已亥杂诗·少年击剑更吹箫
380797,早梅芳近·辛亥中秋后三日
729529,己亥杂诗 其二四八
444431,忆旧游 乙亥春京华小聚，凡翁命赋此调
168311,己亥明禋恩封邺侯感愧有作
150410,辛亥春夜雪忽积竹松欹折过半
813180,癸亥春夜与李二莪璋香小饮醉后有赠
42088,已亥杂诗·任丘马首有筝琶
813040,阻雨二日与亥白搜剔武连轶事咏之得四首 武侯坡
605587,癸亥榕溪灯夕谣 其九
832979,倒犯 辛亥岁除
287349,己亥与章枚叔夜饮即送其之天津
364956,己亥杂诗·冷月严霜照一灯
729422,己亥杂诗 其二六○
672996,丁亥元旦试笔
302262,辛亥三月雨夜无聊观曼殊画因题一律于是与曼殊别已五阅星霜矣哲夫宝爱此册岂徒在画耶
42154,已亥杂诗·何肉周妻业并深
1071080,癸亥上元余谪藤江是时初开乐禁人意欣欣吴元预作纪事二绝颇入风雅戏和其韵 其一
1216841,丁亥元日
42017,已亥杂诗·只筹一缆十夫多
42198,已亥杂诗·拊心消息过江淮
835167,扬州慢 己亥八月客扬州，用石帚韵，呈江蓉舫年丈
867313,癸亥秋陪张丞相游西湖和周去华机宜韵二首 其一
885951,辛亥三月系舟潇湘得邵武柳州二丞相正月初书抚事感怀寄此长句
1179876,丁亥岁作
789691,辛亥岁暮杂诗二十首 其七
252405,兰陵王·丁亥重阳悼先长兄
333043,菩萨蛮·丁亥八月十五夜对月
42096,已亥杂诗·手扪千轴古琅玕
521078,辛亥感兴六首 其五
696399,洪武癸亥以公事出会宁北境二首
410716,辛亥纪事十六首选四 其四
729481,己亥杂诗 其三十八
823966,采桑子 其二 丁亥岁暮即事
605193,乙亥守岁
920196,朱亥墓
234148,辛亥冬交石阻风三日
733494,己亥小寒走笔赠古林和尚
42209,已亥杂诗·使君谈艺笔通神
759665,己亥五月二日东山大忠祠祝文信国公生日 其五
274976,曾主政丙戌九月还湘丁亥三月复抵京诗约上巳同游
344682,丁亥除夕·兵火荒城减市烟
826106,乙亥除夕
364366,己亥杂诗·移桃接李尽成春
305981,丁亥早春从南京飞赴北平
250434,丁亥十月十五日晚雨儿胡同小酌
354556,二月己亥·袅袅溪边杨柳丝
533685,癸亥十月书事 其一
527277,丁亥元日
605596,正月十五夜奉迎邑侯雨中观灯雅集岁癸亥余尝为榕溪灯夕词十二章今采民谣复为甲子灯夕词十六章抚今追昔喜可知也 其四
783291,乙亥九日偕署中诸友登北山寺
297721,水龙吟·辛亥海上作
42215,已亥杂诗·何郎才调本孪生
729244,己亥杂诗 其十七
704388,癸亥十月书事
1127545,二月己亥晓出城祀高禖
407923,辛亥秋感时客龙江 其四
464296,浪淘沙 其二 癸亥正月和弟岁暮作
729419,己亥杂诗 其二五六
368245,辛亥九日被檄视涝遂爽同官饮菊之约夜宿荒驿风雨达曙
41988,已亥杂诗·天将何福予蛾眉
604670,己亥人日西省寓直小酌得閒字
41970,己亥杂诗·消息闲凭曲艺看
1211668,元统乙亥岁集贤学士济尔噶台奉旨代祀真定路玉华宫睿宗仁圣景襄皇帝影堂仆备监礼
729284,己亥杂诗 其六十九
729505,己亥杂诗 其一六七
783848,乙亥九月九日纪事诗四首 其四
429646,癸亥十二月十八日淩晨置酒奉宴太夷先生赋呈六绝句 其四
1080400,癸亥岁正月二首 其二
41983,已亥杂诗·少年哀艳杂雄奇
365658,己亥杂诗·三千年上旧花枝
785908,己亥杂诗 其六
277376,辛亥三月二十九日广州之役
41934,己亥杂诗·九州生气恃风雷
878390,辛亥各口占十绝 其四
840554,孙师郑以感逝诗徵题诗分甲乙二集辛亥后不仕者入甲集出仕者入乙集大半亦我师友也二首 其一
1241083,辛亥除夕三首 其二
729305,己亥杂诗 其九十四
621919,乙亥北征至分关却望
1233440,至正丁亥春二月起自休致入直翰林夏四月抵京师六月赴上京述怀五首 其三
24936,赋寒食日亥时
404164,玉楼春·丁亥，一九四七年。次伯端韵
368194,己亥九日屏翁约诸孙登高西屿阻风舟行
717450,乙亥生日病中作 其一
780934,丁亥六月廿一日和长新店壁间韵
521074,辛亥感兴六首 其一
830968,齐天乐  观莲节鹤亭集饮十刹海樊山成《荷花生日》七律八首瞬已经月忆辛亥六月遇闰再闰则须辛巳矣戏作闰荷花生日
802462,笙陔于光绪乙亥冬夜梦至一园杜鹃花零落满地一小轩榜曰安分知止之馆悬巨镜写人了了则貂冠华袿君语张夫人设遇增秩君当无幸及君晋四品之岁果悼亡又尝梦登所居珠泉草堂舍后山长松千章风声谡谡有茅屋汎埽雅洁及卜夫人佳城恰当其处君固不乐进取夫人亦每举榜语风谏夫明识若此而蹈中寿妖梦是践名论空留廖君能无□于怀耶敬述彤徽以题琴羡将使漆园傲吏塞旦宅之悲猗兰仙才罢潜英之石 其一
226626,癸亥夜梦·丙夜清眠正熟时
519434,弘治辛亥夏久雨
986135,景定癸亥特旨以布衣陈随隐除东宫掌书作书贺之 其二
729371,己亥杂诗 其一八八
312604,金缕曲·乙亥立秋日
785983,己亥杂诗 其八十一
871758,乙亥冬富春先生以老儒醇师居我东齐济北张泂明远楚丘李缊仲渊皆服道就义与介同执弟子之礼北面受其业因作百八十二言相勉
413905,丁亥孟春余自建昌飞还用硕果亭韵书示沪滨好友
42091,已亥杂诗·丹宝琼花海岸旁
419499,八六子 丁亥冬，湖帆寄示送遐庵南归词，兼及遐庵和作，动余悽感，爰亦继声
42137,已亥杂诗·西京别火位非高
789699,辛亥岁暮杂诗二十首 其十五
1075611,顷岁盗起徽严间兵既临城部使者而下皆弃官以走别乘强幼安摄郡事解衣高卧而贼不至城遂以全仆尝作送行诗以书其事后二十一年岁癸亥幼安始得州相遇于钱塘幼安犹能诵鄙诗而余漫不复省矣手录见遗读之惘然为题三绝其后 其三
461400,丁亥秋事六章 其六 秋心
522161,亡宜人生日有感用乙亥岁韵
452131,丁亥十月十五日晚雨儿胡同小酌
364955,己亥杂诗·奉使虚闻结德车
892365,过朱亥墓
404165,玉楼春·丁亥，一九四七年
605605,正月十五夜奉迎邑侯雨中观灯雅集岁癸亥余尝为榕溪灯夕词十二章今采民谣复为甲子灯夕词十六章抚今追昔喜可知也 其十三
304452,乙亥除夕·焚香煮茗无馀事
1134341,丁亥生日纪事五首 其五
301139,己亥岁暮·尚平游岳定何年
729528,己亥杂诗 其二四二
42055,已亥杂诗·吾祖平生好孟坚
785939,己亥杂诗 其三十七
729391,己亥杂诗 其二二二
1215682,岁十有二月庚寅立春丁亥之春也
410715,辛亥纪事十六首选四 其三
755903,光绪乙亥铎儿始生时寓盘门开窗正对瑞光寺塔诗以勖之
404524,八声甘州·乙亥仲秋明尼亚波利斯城赏月怀乡
507652,己亥房山除夕营中作 其一
693365,癸亥岁晏漫成二首
1251228,辛亥元宵和王希颜韵 其一
1244401,辛亥秋诏举秀才余以耳聋足躄县司逼迫非情因成短句
605190,奉读陆令公重搆白鹤峰坡仙思无邪斋告成佳赋数百言见示时乙亥之秋八月既望也率尔裁谢
282810,辛亥春节·世味饱尝应喜淡
605581,癸亥榕溪灯夕谣 其三
404162,梅子黄时雨·丁亥，一九四七年。咏木棉絮。闇公、六禾、颙庵、伯孝、叔俦、秋雪、纫诗同作
785918,己亥杂诗 其十六
276768,蝶恋花·乙亥秋溯江作三峡之游
823847,鹧鸪天 癸亥初春浔阳江干作
183615,辛亥元日游闻人省庵园和陈药房韵
729276,己亥杂诗 其五十七
275611,破阵子·辛亥革命老人座谈会上作
227474,丁亥九月十六夜偕李监仓宿龙卧山中听雨看月
729480,己亥杂诗 其二十九
818653,丁亥除夕作
471997,纪赐四十首 其三十六 丁亥二月奏进大明会典赐白金文绮宴于南宫仍给三代诰命
730088,馀故里无家久寓吴下去年于马医巷西头买得潘氏废地一区筑室三十馀楹其旁隙地筑为小园垒石凿池杂莳花木以其形曲名曰曲园乙亥四月落成率成五言五章聊以纪事 其一
152056,嘉泰癸亥元日口占寄呈永和乘成兄
675590,丁亥除夕
41941,己亥杂诗·此去东山又北山
107674,真定路教授鹿泉李君丁亥五月十二日已时生紫
501804,辛亥正旦呈牛典簿王编修
42022,已亥杂诗·家住钱塘四百春
365667,己亥杂诗·黄鹄都非五尺童
785967,己亥杂诗 其六十五
411848,己亥中秋
1243708,冬景十绝（李从道丽泽诗社出题至治己未至己亥四十年矣） 其八 梅下清吟
881704,鹧鸪天 其三 宣和己亥代人赠别
317971,辛亥夏五月自香港重游日本
157309,辰州僻远乙亥十二月方闻秦太师
410714,辛亥纪事十六首选四 其二
786013,己亥续怀人诗 其二十二
433101,癸亥杂感（四十三首选十二）
883952,辛亥二月望祭斋宫因游甘园 其五
951757,丁亥九月十六夜偕李监仓宿龙卧山中听雨看月同时事也所谓鱼与熊掌兼得之赋诗一篇以纪其事
287321,己亥秋别·束发抱流略
280259,初晴偕新田翁郊饮己亥
61182,癸亥春夜泊娄江哭徐子元晦
729435,己亥杂诗 其二七八
42266,已亥杂诗·不容儿辈妄谈兵
388745,己亥元旦喜雨
42008,已亥杂诗·忽向东山感岁华
1243701,冬景十绝（李从道丽泽诗社出题至治己未至己亥四十年矣） 其一 鹭立寒江
42155,已亥杂诗·停帆预卜酒杯深
42258,已亥杂诗·丱角春明入塾年
1210358,乙亥元日试笔
279729,丁亥除夕·缚裤长征岁序移
496187,玉楼春 其二 贺未斋阁老新拜麟袍之赐。己亥秋日
482356,洪武癸亥以公事出会宁北境二首 其二
729379,己亥杂诗 其二○五
424985,师郑汇辛亥自题诗史乙编同人和章名曰忧吁集感题其后叠前韵二首 其二
42108,已亥杂诗·碧涧重来荐一毛
732735,己亥江行 其一
85716,己亥除夕
1233441,至正丁亥春二月起自休致入直翰林夏四月抵京师六月赴上京述怀五首 其四
785937,己亥杂诗 其三十五
263173,丁亥九月静圃主人留饮玩月即席成二律用题瑞莲图韵
364373,己亥杂诗·老树楼鸦子又孙
701464,癸亥正月既望先大夫思轩公忌辰志感
154369,季百般已亥大雨
267393,浪淘沙慢·辛亥岁不尽五日作
785993,己亥续怀人诗 其二
364940,己亥杂诗·五十年前事未忘
843570,丁亥九月静圃主人留饮玩月，即席成二律用题瑞莲图韵
819964,乙亥秋九月至旧京视散原先生日与心畬叔明立之伯夔君任羹梅过从寥志强志贻先询先诸弟自津沪来旧藏五十馀年陈酒由杭至京连日聚饮赋诗属和 其四
452797,报称己丑上元月圆为五十二年所未有是夜携内并秉初君一利刚诸君上韬光寺叙茶可仁法师鼓琴亥将尽步月露台中天如洗而遥望钱塘繁华则缥渺若尘外景遽尔心动忽焉思归
729386,己亥杂诗 其二一五
74723,辛亥元夕二日
950552,至鄂期年以饟事不给于诗己亥夏五月廿有八日始解维雪锦夜宿兴唐寺繁星满天四鼓遂行日初上已抵浒黄洲几百里矣午后南风薄岸舟屹不能移延缘葭苇间至莫不得去始作纪事十解呈旧幕诸公 其十
158460,依韵奉和司徒侍中辛亥上巳会许公亭
96379,己亥十月送成父弟絜两户幼累归玉山
834659,辛亥三月薄游台湾主雾峰之莱园献堂三兄属题园中名胜得十二绝句 其七 小习池
881703,鹧鸪天 其二 宣和己亥代人赠别
463825,丁亥岁末重过南阳寓所
551933,旧岁与伯孺诸子泛舟白沙分赋野航恰受两三人之句余已赋排律一章兹伯孺复出玉生所作扇头前景因重赋绝句题其上己亥二月三日
729546,己亥杂诗 其三一一
909553,水调歌头 其五 丁亥重阳登益昌二郎庙楼
41977,已亥杂诗·河汾房杜有人疑
456306,丁亥元日口占
521077,辛亥感兴六首 其四
158466,依韵奉和司徒侍中辛亥七夕末伏
42206,已亥杂诗·此身已坐在山泉
594731,丙戌丁亥连举两曾孙志喜
443982,沁园春 乙亥暮春与蛰堪晓华登滕王阁
192609,已亥年十月十七大雪
251729,诉衷情·丁亥岁末和时新先生
883953,辛亥二月望祭斋宫因游甘园 其一
829799,己亥秋别天津有感寄怀严蒋陈诸故人四首
124079,过朱亥墓·屠门遗旧隐
761072,卜算子 辛亥岁始春，故人治舟相约观梅于邓尉诸山，雨雪载涂，余以畏寒不出，因忆山中讨春旧游，次韵白石道人梅花八咏以示同志，一丘一壑自谓过之，若所作则伧歌无复雅句也。 其七
999218,己亥中秋
785953,己亥杂诗 其五十一
403948,蝶恋花·丁亥1947春，感时抚事，拟《云起轩词》格调 其一
42077,已亥杂诗·空观假观第一观
429645,癸亥十二月十八日淩晨置酒奉宴太夷先生赋呈六绝句 其三
409586,癸亥杂感（四十三首选十二） 其十二
730089,馀故里无家久寓吴下去年于马医巷西头买得潘氏废地一区筑室三十馀楹其旁隙地筑为小园垒石凿池杂莳花木以其形曲名曰曲园乙亥四月落成率成五言五章聊以纪事 其二
833098,辛亥三月薄游台湾主雾峰之莱园献堂三兄属题园中名胜得十二绝句 其一 莱园
782607,乙亥二月望前二日观察卢同年雅雨招同牛真谷沈沃田江松泉游真州潘园
783846,乙亥九月九日纪事诗四首 其二
428682,癸亥九秋，蒋遇春先生约同人游青山寺，素餐后又驱车游荣氏植物园四首 其二
195310,乙亥岁毗陵道中
1031695,绍熙辛亥六月中伏日出郭观稼小休野石读仲权正字壁间所题诗因次韵 其一
365650,己亥杂诗·跳珠雨乱黑云翻
42227,已亥杂诗·熙朝仕版快茹征
745953,辛亥之安南道中感赋
414977,丁亥沈阳中秋对月
288281,癸亥杂感·开辟何尝有此奇
729268,己亥杂诗 其四十八
42166,已亥杂诗·少为贱士抱弗宣
282705,贺新郎·乙亥春宋词来饮 畅叙甚欢 次日赋此寄赠
307800,翠楼吟·乙亥新秋登清凉山扫叶楼
42194,已亥杂诗·问我清游何日最
42101,已亥杂诗·万卷书生飒爽来
751487,辛亥夏赴邳州桃源决事感作 其二
559354,癸亥除夕
637259,己亥腊月朔自匡庐之九江
729444,己亥杂诗 其二九○
249719,辛亥革命八十周年纪念
785958,己亥杂诗 其五十六
605600,正月十五夜奉迎邑侯雨中观灯雅集岁癸亥余尝为榕溪灯夕词十二章今采民谣复为甲子灯夕词十六章抚今追昔喜可知也 其八
729325,己亥杂诗 其一一九
497810,丁亥(1)南山登高 其三
477116,乙亥元日
532050,丁亥元日
785970,己亥杂诗 其六十八
789689,辛亥岁暮杂诗二十首 其五
1211591,元统乙亥余录囚至沧州坐清风楼
420124,好事近 辛亥元日
417604,减字木兰花 癸亥冬暮车过岗子村值雨
417217,浣溪沙  癸亥冬未为迎春诗会作
42081,已亥杂诗·一自天钟第一流
443996,丁亥季夏与中华诗词研究院诸子雅集西安大唐芙蓉园次老杜曲江二首韵 其一
918139,乙亥避地横槎山中
449533,丁亥元日牡丹
1208401,尘泥叹（至元元年乙亥七月久雨后）
700967,癸亥春送陈献孟赴佟静公之招由楚入都取道游西岳访咸阳祁尔嘉明府
875358,辛亥各口占十绝 其九
1113912,己亥出南康宫伯称以诗赠行次韵三首
348453,丁亥十月·瓮城才到又将离
900396,帐干周君桂林相从之旧己亥莫春出岭迂道相过临别求予言姑赋此
729337,己亥杂诗 其一三八
404168,临江仙·除夕。丁亥，一九四七年
638968,癸亥冬至以次该陪祭陵因病不果承学录昌平李廷用先生慨然见代因赋二律奉赠 其二
875355,辛亥各口占十绝 其十
42140,已亥杂诗·狂禅辟尽礼天台
365685,己亥杂诗·怜君胆小累君惊
1075609,顷岁盗起徽严间兵既临城部使者而下皆弃官以走别乘强幼安摄郡事解衣高卧而贼不至城遂以全仆尝作送行诗以书其事后二十一年岁癸亥幼安始得州相遇于钱塘幼安犹能诵鄙诗而余漫不复省矣手录见遗读之惘然为题三绝其后 其一
42204,已亥杂诗·欲求缥缈反幽深
729331,己亥杂诗 其一二九
497814,丁亥(1)南山登高 其七
619940,己亥中秋偕社中诸子登元魁塔会被饮文昌阁笙歌备奏群英咸集赋以纪之 其三
415056,癸亥重午抒怀
443684,平韵满江红 乙亥暮春与谷风蛰堪晓华游西湖
729362,己亥杂诗 其一七八
83154,先大父以元佑乙亥寓居妙明僧舍後百余年当嘉
729541,己亥杂诗 其二九六
766862,浪淘沙 其一 辛亥立春
444010,丁亥中秋前一日，漫步青山湖畔，时正挖湖底隧道，水全抽干，怅然赋此
611852,辛亥郴州除夕忆家慈舍弟
42064,已亥杂诗·天教梼杌降家门
785916,己亥杂诗 其十四
729311,己亥杂诗 其一○三
759978,东山感春诗，次己亥感秋韵 其六
815067,辛亥夏赴邳州桃源决事感作
704611,癸亥除夕二首
144465,丁亥岁朝把笔
729496,己亥杂诗 其一三四
42092,已亥杂诗·万事源头必正名
875357,辛亥各口占十绝 其八
306025,癸亥重午抒怀
729429,己亥杂诗 其二六七
909522,水龙吟 其十二 辛亥和吴制参赋雪韵
42147,已亥杂诗·铁师讲经门径仄
42009,已亥杂诗·古人用兵重福将
416947,长亭怨慢 乙亥三月初八日，大水冲城，往还阻绝，夜复风雨交作，因篝灯倚此
535133,癸亥之夏过休宁同宗川令尹程吴二友生游白岳二首 其一
42006,已亥杂诗·家有凌云百尺条
729512,己亥杂诗 其一八一
267765,倒犯·辛亥岁除
364950,己亥杂诗·上山如画重累人
771692,好事近·辛亥人日立春
936214,城南上原陈翁以卖花为业得钱悉供酒资又不能独饮逢人辄强与共醉辛亥九月十二日偶过其门访之败屋一间妻子饥寒而此翁已大醉矣殆隐者也为赋一诗
1115351,丁亥正月新晴晚步二首
42225,已亥杂诗·手校斜方百叶图
304267,辛亥八月十一日生日感赋
42169,已亥杂诗·盗诗补诗还祭诗
701973,癸亥民情
1137404,己巳秋七月不雨人心焦然乃戊午斋宿致城隍清源渠渡龙君嶅山五神于州宅以祷始至雨洗尘自是间微雨辄随止旱气转深苗且就槁要神弗获某忧惧不知所出越癸亥日亭午率郡僚吏申祷于庭未移顷雨大挚旄稚呼舞皆曰神之赐也某既拜贶又明日以神归念无为神报者乃作送神之诗七章以侈神功且又以祈焉 其三
1213122,辛亥三月陪马克脩治书谒天游孙真人方丈阶前牡丹盛开卮酒同玩座中范提点索诗
440972,乙亥暮秋自沪之京子夜车中口占 其一
304507,崇效寺看牡丹并观红杏青松图卷自辛亥后越二十九年复来此寺不胜凄感
729246,己亥杂诗 其十九
729397,己亥杂诗 其二三○
85924,最高楼·辛亥後
292411,癸亥中伏苦热即事
41998,已亥杂诗·瑰癖消审结习虚
343708,丁亥元旦·读书抱耒事多违
729412,己亥杂诗 其二四九
42070,已亥杂诗·劘之道义拯之难
1134707,回生丁亥方端叟乙酉长二岁其弟名万里庚寅少三岁用予旧韵来订兄弟之盟依韵奉答二首 其二
761068,卜算子 辛亥岁始春，故人治舟相约观梅于邓尉诸山，雨雪载涂，余以畏寒不出，因忆山中讨春旧游，次韵白石道人梅花八咏以示同志，一丘一壑自谓过之，若所作则伧歌无复雅句也。 其三
785957,己亥杂诗 其五十五
970979,己亥十月送成父弟絜两户幼累归玉山五首 其三
42089,已亥杂诗·家园黄熟半林柑
759974,东山感春诗，次己亥感秋韵 其二
939151,辛亥春与陈周佐县丞会于汭川旅邸从容三日临别呈周佐
226932,丁亥清明和昭德侄孙韵
1188133,己亥岁二首 其一
819011,己亥秋别天津有感寄怀严蒋陈诸故人四首 其四
950701,己亥明禋恩封邺侯感愧有作二首 其二
430642,清平乐 辛亥夏五望日，亚子偕叔度、织云诸君，泛舟来芦，连床话旧，至足乐也，惜一宿即去。苦留未得，为成此阙，以志鸿爪
463160,秋夜月 丁亥中秋二首 其一 自语
409576,癸亥杂感（四十三首选十二） 其二
1121085,己亥十二月十七日堂帖被召感恩二首
769489,东风第一枝  己亥人日社集四印斋，赋得人日题诗寄草堂
522455,丁亥元日拜阙罢与客言有感客去烛至叠前蝇字韵
186715,帐干周君桂林相从之旧已亥莫春出岭迂道相过
364962,己亥杂诗·古佛孤灯共一龛
954774,己亥中秋
354727,二月己亥·尘沙骑马听溪流
42003,已亥杂诗·拟策孤筇避冶游
709900,辛亥秋遇沈从弱于石埭遂往白门相期归路访其安庆家居兼取药地和尚近耗明年归舟经过乘风不及登岸为之怅然
729548,己亥杂诗 其三一三
729335,己亥杂诗 其一三五
1136695,水调歌头 乙亥春永嘉归舟
1205018,大江东去 寿恽东阳丁亥正月十三日生推命者丙戌算因戏及之
416955,翠楼吟 乙亥新秋登清凉山扫叶楼
322216,庭院深深·己亥清明
423064,鹧鸪天 二首 其一 乙亥二月积雨初晴，胶柏街楼居作
1187573,己亥岁感事
83479,情为·癸亥辞修门
1135834,己亥十一月二十一日长至前一旬书
1242087,腊月癸亥立春喜晴三首 其一
365664,己亥杂诗·秀孝都居弟子行
1241082,辛亥除夕三首 其一
42107,已亥杂诗·猰貐猰貐厉牙齿
769251,喜亥白兄至都
895121,癸亥初到岭下寄汪圣锡
42241,已亥杂诗·促柱危弦太觉孤
42190,已亥杂诗·中年才子躭丝竹
431881,辛亥纪事十六首选四
365680,己亥杂诗·我行偏历三天下
365679,己亥杂诗·蟹行草字画祛庐
522191,淑人大祥奠柩前用乙亥韵
422909,辛亥三月二十九日广州之役，余在北京狱中闻展堂死事，为诗哭之，才成三首，复闻展堂未死，遂辍作 其二
42235,已亥杂诗·能令公愠公复喜
347328,己亥重九夜归篝灯独酌因思乙未岁
464298,满庭芳·癸亥清明，覃儿归上冢。先数夕梦其母贷用于人，谓何不向儿取，内子怒而去。顷年境幸殊前，每思及内子处困时，辄为之叹息。感而赋此
828605,崇效寺看牡丹并观红杏青松图卷自辛亥后越二十九年复来此寺不胜凄感 其二
1137407,己巳秋七月不雨人心焦然乃戊午斋宿致城隍清源渠渡龙君嶅山五神于州宅以祷始至雨洗尘自是间微雨辄随止旱气转深苗且就槁要神弗获某忧惧不知所出越癸亥日亭午率郡僚吏申祷于庭未移顷雨大挚旄稚呼舞皆曰神之赐也某既拜贶又明日以神归念无为神报者乃作送神之诗七章以侈神功且又以祈焉 其四
491694,己亥三月歌
42213,已亥杂诗·觥觥益阳风骨奇
42084,已亥杂诗·万一天填恨海平
387730,桂枝香·己亥五月初七夜
819915,自辛亥八月乘京汉车南下今岁四月复由此路北上感赋
1039570,辛亥三月十八日游御河二首 其二
443157,清平令破子 丁亥诞日作
729448,己亥杂诗 其二九七
729375,己亥杂诗 其一九九
289137,朱亥·屠狗有奇士
365683,己亥杂诗·三诏严催倍道驰
757283,东风第一枝 癸亥元旦喜雪，邀纫兰同作
785941,己亥杂诗 其三十九
957081,顷乾道辛卯岁三月望夜与周子充内翰泛舟石湖松江之间夜艾归宿农圃距今淳熙己亥九年矣余先得归田复以是夕泛湖有怀昔游赋诗纪事
41958,己亥杂诗·亦曾橐笔侍銮坡
585790,辛亥腊月十八日初得上唐精舍之地于张氏以上塘作上唐盖有三唐焉帝尧为上唐李唐为中唐若五代之唐斯为下矣偶得三绝以纪其胜云 其三
365657,己亥杂诗·乳草删除缘几美
421173,鹧鸪天 辛亥九秋吴门赁庑养疴有作
281951,癸亥九秋，蒋遇春先生约同人游青山寺，素餐后又驱车游荣氏植物园
42082,已亥杂诗·绝色呼他心未安
364363,己亥杂诗·秋淫天漏雨萧萧
729256,己亥杂诗 其三十三
453972,辛亥百年书感
468378,辛亥冬十月九日从余兄原礼及陆好问刘主敬同登萝岩倚圣屏憩禅庵饮清凉池临筀竹湾谒龙湫玩仙李遂宿绝顶看月明日南俯大小车岩望东西二岭还北崖瞰石龟石笋复游眺久之乃下山所得奇胜赋长句五首 其五
42016,已亥杂诗·厚重虚怀见古风
42041,已亥杂诗·九流触手意纵横
440169,鹧鸪天 丁亥仲冬偕莲舟聿之扁舟青凤江南猫儿金水乐乐之杭州茅家埠茶馆雅聚分韵得莲字
729294,己亥杂诗 其八十二
1138652,丁亥寿药房先生四首 其四
729326,己亥杂诗 其一二一
729254,己亥杂诗 其三十一
834664,辛亥三月薄游台湾主雾峰之莱园献堂三兄属题园中名胜得十二绝句 其十二 留别
1143789,丁亥元日二首
42123,已亥杂诗·美人才地太玲珑
414966,丁亥早春从南京飞赴北平
428684,癸亥九秋，蒋遇春先生约同人游青山寺，素餐后又驱车游荣氏植物园四首 其四
729408,己亥杂诗 其二四四
279355,西平乐·癸亥秋莅官清江，政简多暇
1177576,秦门 胡亥
803320,岁辛亥，余在博古刘庄韵谱三兄处佣书，东西相得，常作笑谈，任意诙谐，无拘无束。时值麦秋，学徒登麦，独闷坐无聊，洒扫书斋，芟除学院灰尘，苦无簸箕，因寻以破粪篓代之，提梁用马辫䌁一根，岌岌乎断矣，遂有感而作
46212,乙亥夏日楼外楼坐雨
1204321,喜迁莺 乙亥元日
785938,己亥杂诗 其三十六
844193,金缕曲 乙亥元日，时在鼎州
743833,青神舟中不得见峨眉山与亥白兄饮酒排闷
785932,己亥杂诗 其三十
42099,已亥杂诗·荒青无缝种交加
785982,己亥杂诗 其八十
697710,己亥人日是日壬子上表贺海平二首
605598,正月十五夜奉迎邑侯雨中观灯雅集岁癸亥余尝为榕溪灯夕词十二章今采民谣复为甲子灯夕词十六章抚今追昔喜可知也 其六
786003,己亥续怀人诗 其十二
402980,翠楼吟 己亥暮春病起，熊秉三丈招寓香山欢喜园，即在梦感泉半山双清别墅右侧
729533,己亥杂诗 其二七二
1200441,己亥秋淮南饥客中怀故里朋游寄之
303470,清平乐·辛亥中秋山居忆旧
785969,己亥杂诗 其六十七
729495,己亥杂诗 其一二○
468375,辛亥冬十月九日从余兄原礼及陆好问刘主敬同登萝岩倚圣屏憩禅庵饮清凉池临筀竹湾谒龙湫玩仙李遂宿绝顶看月明日南俯大小车岩望东西二岭还北崖瞰石龟石笋复游眺久之乃下山所得奇胜赋长句五首 其三
455667,丁亥上巳汇豪雅集第二回《兰亭梦忆》，席间有作
729250,己亥杂诗 其二十五
433085,师郑汇辛亥自题诗史乙编同人和章名曰忧吁集感题其后叠前韵二首
42244,已亥杂诗·如何从假入空法
991626,嘉祐己亥岁旦永叔内翰
403950,长亭怨慢·丁亥1947春感事
288306,癸亥杂感·一任无情江水流
354726,二月己亥晓出城祀高禖
729312,己亥杂诗 其一○四
554567,己亥人日是日壬子上表贺海平二首 其一
298179,大酺·辛亥六月廿六日飓风
581951,癸亥六月念一日同寅诸公过予敝道看竹因留小酌遂成拙作二首索和 其一
461397,丁亥秋事六章 其三 秋风
1080399,癸亥岁正月二首 其一
42135,已亥杂诗·东华飞辩少年时
902186,癸亥生日前一日读神仙李清传作
404528,念奴娇·和绍端先生乙亥新春锦江茶厅雅集韵
729261,己亥杂诗 其四十
42074,已亥杂诗·回肠荡气感精灵
364941,己亥杂诗·忽想尻轮到五洲
493634,予所岩在黄龙洞西己亥长至庞子始辟
975563,淳熙己亥岁傅子渊劝予无弄文墨自是绝意笔研十四年矣非应用不得已不作也今年胡季随复劝予为之曰文不可溺也其可废乎因作此寄傅子渊
769286,五月二十七日入栈值余生日戏作二律邀亥白兄及吕湘帆和 其二
839442,丁亥九月静圃主人留饮玩月，即席成二律用题瑞莲图韵 其二
970977,己亥十月送成父弟絜两户幼累归玉山五首 其五
834771,百字令 得少符吴中书，赋此答之，丁亥试灯日也
497806,丁亥(1)九日 其一
526785,癸亥杂诗八首 其四
303878,采桑子·丁亥岁暮即事
1022540,问话行者智仁炷香请语以此赠之景定癸亥至节虚堂老僧书于雪窦西庵送日本南浦知客
475209,癸亥暮秋遣祀山陵恭览七陵御寝二首 其一
409983,己亥冬夜梦入大匡即景言怀
1195338,己亥岁二首
410124,石屏诸天寺双塔，宋阿么蛮造也，丁亥冬地震折其半，纪之以诗
789696,辛亥岁暮杂诗二十首 其十二
988021,丁亥岁予留建康梦登大桥仰视霄汉有金书阁字北斗落落布列其侧昨夕夜直坐石渠桥忽见七星低昂正倚秘阁而金书大字俨然梦中所见信知世事皆有定分非偶然也 其二
441367,鹧鸪天 乙亥初冻晨金坛之沪车中口占
507915,辛亥花朝
827147,减字木兰花  己亥七十二岁 建国十周年国庆恭献俚词二首 其一
91570,丁亥正月新晴晚步·急下柴车蹈晚晴
729287,己亥杂诗 其七十五
526788,癸亥杂诗八首 其七
627129,丁亥仲春余归自岭右暂憩乡园读杜工部秦州杂咏怅然感怀因次其韵 其十一
429648,癸亥十二月十八日淩晨置酒奉宴太夷先生赋呈六绝句 其六
709297,己亥小除立春
729245,己亥杂诗 其十八
864998,小溪道中时己亥荒甚
789700,辛亥岁暮杂诗二十首 其十六
288301,癸亥杂感·吾衰已甚梅仍笑
713117,次答晋江郭君章君章祖都宪介庵先生乙酉主试吾粤先君列第七人先君殉节于丁亥先生殉节于戊子先后赠大司马君章以先生未归窀穸来粤求助世旧之感情见乎辞二首 其一
282809,辛亥春节·人生只合梦中逢
785926,己亥杂诗 其二十四
1135449,真定路教授鹿泉李君丁亥五月十二日巳时生紫阳虚叟方回丁亥五月十一日巳时生相遇旅邸同登酒楼各出新诗遂成老友
1135449,真定路教授鹿泉李君丁亥五月十二日巳时生紫阳虚叟方回丁亥五月十一日巳时生相遇旅邸同登酒楼各出新诗遂成老友
449513,乙亥新春窗前兰花盛开得此二十八字美美图此因题其上
278269,潇湘雨·己亥春暮
620836,己亥中秋偕社中诸子登元魁塔会被饮文昌阁笙歌备奏群英咸集赋以纪之 其十
515147,抱病经岁不作诗辛亥二月一日登齐云岩试笔一首
729377,己亥杂诗 其二○二
41942,己亥杂诗·缱绻依人慧有余
834920,陌上花 乙亥重阳登北海挹翠轩
365648,己亥杂诗·亦曾忍死须臾坐
318000,辛亥夏·须磨月照万松青
785917,己亥杂诗 其十五
830536,辛亥八月二十七日度乌梢岭
251863,丁亥上元津门雪夹雨晨接晦窗先生自寿诗次韵和之
650966,癸亥二月六日五湖舟中酒尽而风雨适至戏呈同行诸友
251569,柳梢青·丙亥年初三从子云暮阑二公登水云楼次暮阑韵
1065533,寄陈厚之巳亥岁赴阙发洪井道中寄
415140,夜过赤壁丁亥
452591,西溪子 丁亥秋祭西溪两浙词人祠
42223,已亥杂诗·千言只作卑之论
717451,乙亥生日病中作 其二
950550,至鄂期年以饟事不给于诗己亥夏五月廿有八日始解维雪锦夜宿兴唐寺繁星满天四鼓遂行日初上已抵浒黄洲几百里矣午后南风薄岸舟屹不能移延缘葭苇间至莫不得去始作纪事十解呈旧幕诸公 其一
785991,己亥杂诗 其八十九
402408,谒金门 丁亥上巳稷园水榭修禊分韵得载字
729519,己亥杂诗 其二一一
430513,辛亥七夕吊杨笃生
41982,已亥杂诗·玉立长身宋广文
1243704,冬景十绝（李从道丽泽诗社出题至治己未至己亥四十年矣） 其四 江路梅香
228192,饯史计使·祥刑生意遍庭亥
552265,乙亥警 其二
585788,辛亥腊月十八日初得上唐精舍之地于张氏以上塘作上唐盖有三唐焉帝尧为上唐李唐为中唐若五代之唐斯为下矣偶得三绝以纪其胜云 其一
689285,癸亥杂诗八首
1057270,恭和御制己亥十一月十三日南郊祭天斋宫即事赐诗 其二
281945,癸亥九秋·东山别墅五湖滨
42039,已亥杂诗·剩水残山意度深
932326,闰月辛酉壬戌连日风雨癸亥早晴
1070813,辛亥中春遂宫祠之请自渔浦转山入离渚宿化城以归道中成鄙句
315885,忆旧游·乙亥丙子之间
455620,壬子春词 其二 辛亥岁杪，与叶红自琼归省，旋于壬子春节结缡于广州，并同游肇庆，下榻鼎湖山，有作
416633,蝶恋花  乙亥暮春夜雨初晴
830213,辛亥夏五月自香港重游日本寓任甫须磨双涛园筑室同居与任甫离居者十三年槟榔屿香港一再见亦于今八年矣儿女生于日本皆不能识相见如梦寐任甫赋百韵诗先有四律奉迎答以四律 其四
483667,辛亥七夕五首 其三
42260,已亥杂诗·朝借一经覆以簦
364361,己亥杂诗·曲阑十步九徘徊
364953,己亥杂诗·黄鹤高楼又挞碎
722185,乙亥生日病中作
729487,己亥杂诗 其六十八
794163,道光己亥花朝后十日为陈老公祖云乃先生四十岳降之辰赋此恭祝
54861,乙亥元日十峰饮师邵东斋出予家桂饼师邵有诗
446195,丁亥秋末步百通兄遣怀韵
729500,己亥杂诗 其一四九
865833,满江红 其六 癸亥九日
317357,丁亥除夕怀诸师友
365652,己亥杂诗·抛书午倦睡醒时
89236,辛亥各口占十绝·院吏忙抄诏草辞
729237,己亥杂诗 其八
364942,己亥杂诗·长恨古人吾不见
439195,癸亥清明日
41944,己亥杂诗·文侯端冕听高歌
41997,已亥杂诗·海西别墅吾息壤
924353,丁亥生日
305986,丁亥沈阳中秋对月
1242088,腊月癸亥立春喜晴三首 其二
999777,依韵奉和司徒侍中辛亥上巳会许公亭
834174,金缕曲 其一 乙亥元日，时在鼎州
729513,己亥杂诗 其一九一
715674,癸亥长至前五日举第三子有作 其一
838457,己亥春日感兴 其十
430472,辛亥六月读白门悲秋集怀周君实丹三首 其三
584364,己亥除夕
729398,己亥杂诗 其二三一
256655,乙亥过河·一身长道路
418467,临江仙 乙亥春日
729394,己亥杂诗 其二二七
886249,癸亥守岁聪儿桃源黄溪村居 其二
42219,已亥杂诗·北方学者君第一
455622,壬子春词 其四 辛亥岁杪，与叶红自琼归省，旋于壬子春节结缡于广州，并同游肇庆，下榻鼎湖山，有作
42073,已亥杂诗·空山徙倚倦游身
615999,癸亥生日 其一
909533,水龙吟 其三 己亥寿史督相
785987,己亥杂诗 其八十五
423065,鹧鸪天 二首 其二 乙亥二月积雨初晴，胶柏街楼居作
1033860,嘉熙己亥大旱荒庚子夏麦熟 其一
365678,己亥杂诗·甑蒸汗雨郁如珠
106730,丁亥元日·孰不闻钟起
729491,己亥杂诗 其九十九
996406,元丰癸亥经行石潭寺见旧和栖蟾诗甚可笑因削柎灭藁别和一章
712321,乙亥生日归锦岩先祠许伯玉乔梓载酒相饷同潘子登梁巨川卢俊斯集饮即事
307701,己亥中秋·避地逢佳节
834427,东风第一枝 壬戌十二月二十日立癸亥春，和梅溪韵
1002664,辛亥三月十五日
251730,浣溪沙·丁亥子月初雪
824353,倒犯 癸亥九月一日赋京师鸭炙
280334,读《山海经》《天问》辛亥
484946,己亥初度（时年三十四）
252380,丁亥冬至游九寨沟童话世界
1029490,百字令 德祐乙亥
729293,己亥杂诗 其八十一
42237,已亥杂诗·公子有德宜置诸
785924,己亥杂诗 其二十二
411939,孙师郑先生见示乙亥元旦诗四律依均奉答 其三
729291,己亥杂诗 其七十九
1134342,丁亥生日纪事五首 其四
729549,己亥杂诗 其三一四
300471,减字木兰花·癸亥冬暮车过岗子村值雨
1057065,乙亥岁八月十五日夜同景叔知府少卿翼道提举大夫望月于河中之名阃堂兼简襄守欧三叔弼虢守孙八元忠二首 其二
365656,己亥杂诗·略买胭脂画折枝
604793,辛亥守岁
682288,闻警二首（乙亥三月）
349521,丁亥十月·雁下平芜秋气深
1004742,倾杯/倾杯乐 丁亥自寿
729243,己亥杂诗 其十五
294085,齐天乐·癸亥上元，游上海植物园获得荷兰水仙，花色晶莹，大如芍药
422910,辛亥三月二十九日广州之役，余在北京狱中闻展堂死事，为诗哭之，才成三首，复闻展堂未死，遂辍作 其三
252322,鹧鸪天·丁亥暮春重建母墓
548962,辛亥春至水居
1004663,丁亥闰五月十日回自真圣道坊车中记事
909626,贺新郎 其五 辛亥初度自赋
301706,癸亥九月·才穿竹径又松阴
413615,丁亥除夕怀诸师友
42087,已亥杂诗·天意若曰汝毋北
729248,己亥杂诗 其二十一
1039583,辛亥八月十六日夜复值阴晦
729402,己亥杂诗 其二三五
1242037,洪武三十一年闰五月初十日亥时大行皇帝崩十六日皇太孙即位十八日大赦天下改明年为建文感而恭赋
42023,已亥杂诗·灵鹫高华夜吐云
464402,摊破浣溪沙 癸亥谷日
42207,已亥杂诗·曩将奄宅证淹中
905035,戊寅入岭丁亥上元游碧落洞
499229,癸亥正月既望先大夫思轩公忌辰志感 其一
729441,己亥杂诗 其二八七
729340,己亥杂诗 其一四二
785933,己亥杂诗 其三十一
288277,癸亥杂感·橘柚黄时霜始晴
410713,辛亥纪事十六首选四 其一
834660,辛亥三月薄游台湾主雾峰之莱园献堂三兄属题园中名胜得十二绝句 其八 木棉桥
785945,己亥杂诗 其四十三
729520,己亥杂诗 其二一二
433084,和师郑辛亥十一月诗史乙集刊成自题其后用原韵二首
751637,登亥元旦
786006,己亥续怀人诗 其十五
42142,已亥杂诗·梨园爨本募谁修
428683,癸亥九秋，蒋遇春先生约同人游青山寺，素餐后又驱车游荣氏植物园四首 其三
482080,次西墅学士己亥元日雪
269265,八六子·为遐翁作罔极图卷，丁亥十月送翁南归志别
813016,入峡病中同亥白兄作
1120738,辛亥冬无雪天气妍暖如禁烟时书所感三绝句
786008,己亥续怀人诗 其十七
42243,已亥杂诗·陶潜诗喜说荆轲
605580,癸亥榕溪灯夕谣 其二
168308,己亥十二月十七日堂帖被召感恩
865779,汉宫春 其二 和辛幼安秋风亭韵，癸亥中秋前二日
306995,鹧鸪天·己亥三月别曾舍人
499231,平海道中（癸亥正月廿七倭离莆往破平海岐头）
440167,忆旧游 丁亥仲冬重游西湖用樊榭韵
729522,己亥杂诗 其二一六
729540,己亥杂诗 其二九五
566202,正德乙亥官舫载笼锦钱鸡倒挂鸟孔雀通臂黑猴诸禽兽上献记事一首
655016,己亥斋居日越在南都有怀院中诸先生
729230,己亥杂诗 其一九五
364367,己亥杂诗·男执干戈女甲裳
1062731,宣和四年五月辛亥诏以神宗皇帝所书鼎说十二字藏于延英阁臣鼎臣赋诗以纪其事
268609,贺新凉·己亥腊日秣陵别秦伯虞同年
443953,丁亥人日雨中书愤
409584,癸亥杂感（四十三首选十二） 其十
42165,已亥杂诗·阅历天花悟后身
41938,己亥杂诗·少年击剑更吹箫
1241841,癸亥元日
1221898,乙亥十月往平定早发土门宿故关书所见
41957,己亥杂诗·罡风力大簸春魂
42208,已亥杂诗·江左吟坛百辈狂
263387,癸亥元旦·七十经过又一年
630968,己亥冬至
42161,已亥杂诗·未济终焉心缥缈
404698,并蒂芙蓉·癸亥十月为玉霜题并蒂芙蓉卷子，兼贺其新婚、此调为晁閒斋应制所作自制曲。万氏词律录閒斋此词，换头处第二句末作赏醉。杜筱舫谓以前起第二句律之，当用去上，疑为醉赏之误。今检双照楼覆宋本閒斋琴曲外篇按之，正作醉赏，与杜氏说合。遂悉依原词四声谱之
879043,水龙吟 己亥自寿二首 其一
729536,己亥杂诗 其二八一
212549,乙亥岁除渔梁村
306980,贺新郎·题内子霞客晴雪楼台小照是照为乙未春间事行十年矣辛亥长夏题于南溟之万木山房
889460,丁亥守当涂中夏有献瑞麦者今日池中复得双头莲因成小诗以记之
41960,己亥杂诗·太行一脉走蝹蜿
372872,辛亥寒食·寒食春城是处花
232246,癸亥初到岭下寄汪圣锡
813032,五月二十七日入栈值余生日戏作二律邀亥白兄及吕湘帆和
948990,点绛唇 其四 七夜，赵富文出家姬小琼，再赋丁亥七月己丑
1242089,腊月癸亥立春喜晴三首 其三
64887,辛亥五月过弘道西斋重题
925697,水调歌头 其三 淳熙己亥，自湖北漕移湖南，总领王、赵守置酒南楼，席上留别
1210407,乙亥二月还钱塘书怀寄刘师鲁
785948,己亥杂诗 其四十六
926353,伍相公庙丁亥被燬
424982,和师郑辛亥十一月诗史乙集刊成自题其后用原韵二首 其一
41987,已亥杂诗·残绒堆积绣窗间
499465,洪武癸亥夏五渡江访诸友暮归既登舟而风雨骤至
326141,辛亥中秋不见月
42100,已亥杂诗·偶赋凌云偶倦飞
145733,乙亥冬·祸乱方来苦不禁
729475,己亥杂诗 其一九七
733208,己亥钱驭少移居丹阳
1081392,己亥秋陪伯山游中条穷尽山中之胜明年春迓王毅伯再过山下呈伯山
747176,辛亥重阳偕联方伯中尚衣祥主政登鸡鸣寺即事
1143878,丁亥生日纪事五首
415185,奉赠陈彦和先生补录丁亥旧作
222481,辛亥春与陈周佐县丞会於涔川旅邸从容三日临
549304,癸亥冬得告西还途次漫赋 其二
729542,己亥杂诗 其二九九
383847,己亥出京·蓬莱宫观九天开
281895,辛亥秋感·不住鹃啼苦
729442,己亥杂诗 其二八八
729260,己亥杂诗 其三十七
42157,已亥杂诗·去时栀子压犀簪
1252294,冬景十绝（李从道丽泽诗社出题至治己未至己亥四十年矣） 鹭立寒江
463164,兰陵王 丁亥重阳悼先长兄
42122,已亥杂诗·收拾风花倜荡诗
479392,先舅大中府君己亥岁尝制十四咏寿宝林褧老师八十今八年矣此老师尚无恙其法孙定惠持此卷至都下敬作二偈以为师寿法鼓
578548,辛亥九月望后二日北京大雪偶成
277377,辛亥三月·落落初相见
415154,初晴偕新田翁郊饮己亥
616001,癸亥生日 其三
364365,己亥杂诗·农事传家稷世官
349620,笙陔于光绪乙亥冬夜梦至一园杜鹃花零落满地
911786,丁亥正月新晴晚步二首 其一
135635,乙亥避地横槎山中
263168,丁亥人日由家赴虞寄怀刘石香
779677,风流子 辛亥春月告归，得请，途次寄阎百诗，自此不复梦入春明矣
729450,己亥杂诗 其三○一
785922,己亥杂诗 其二十
769235,怀亥白兄寿门弟二首 其一
710124,己亥秋日有寄 其二
816601,笙陔于光绪乙亥冬夜梦至一园杜鹃花零落满地一小轩榜曰安分知止之馆悬巨镜写人了了则貂冠华袿君语张夫人设遇增秩君当无幸及君晋四品之岁果悼亡又尝梦登所居珠泉草堂舍后山长松千章风声谡谡有茅屋汎埽雅洁及卜夫人佳城恰当其处君固不乐进取夫人亦每举榜语风谏夫明识若此而蹈中寿妖梦是践名论空留廖君能无□于怀耶敬述彤徽以题琴羡将使漆园傲吏塞旦宅之悲猗兰仙才罢潜英之石
480246,己亥中元陪祀山陵道中奉和杨学士先生韵四首 其二
729274,己亥杂诗 其五十五
729346,己亥杂诗 其一五○
930846,予以壬戌六月十四日入都门癸亥五月十四日去国而中有闰月盖相距正一年矣慨然有赋二首 其一
627121,丁亥仲春余归自岭右暂憩乡园读杜工部秦州杂咏怅然感怀因次其韵 其三
791233,乙亥九月二十七日接儿子江右书
605588,癸亥榕溪灯夕谣 其十
33986,赵高·赵高胡亥速天诛
729499,己亥杂诗 其一四六
468126,浪淘沙 癸亥正月和弟岁暮作
999776,依韵奉和司徒侍中辛亥三月十八日游御河二首 其一
595294,辛亥除夕感怀
765364,癸亥春夜与李二莪璋香小饮醉后有赠 其三
365673,己亥杂诗·上烛光芒曜日星
42257,已亥杂诗·词家从不觅知音
788512,己亥十月朔观堂中黄花有感
364952,己亥杂诗·梦里似曾迁海外
802214,登舟一夕对酒偶成时从阅云梯关归清江浦丁亥十月 其四
