1155027,山中五绝句 洞中蝙蝠
