938331,石千里来自昆山陈阔未几倏尔言别辄成诗少舒恋恋 其一
