385227,口号绝句·渔阳突骑邯郸儿
348421,洪州绝句·渔船归尽晚江空
