743532,送柴俭堂归平陆
322534,送柴俭堂归平陆
