775182,见台湾保甲连坐法感题
