1224045,偕虞伯生魏雄卿魏池燕集分韵得阁字
751431,九日偕虞裳登吹台
