588436,送王一山还湖湘五首 其三
