97326,寄外·碧纱窗外一声蝉
53020,樵声蝉声相杂
483503,樵声蝉声相杂
103833,蝉·柳上一声蝉
