519779,和华亭道中雨晴
675536,保定道中雨晴
