1165761,送李侍御入茅山采药
1161486,送李侍御入蕃
22522,送李侍御入蕃
12382,送李侍御入茅山采药
