1070348,人日书怀兼呈吴中二三友
355756,人日书怀兼呈吴中二三友
387496,午日书怀兼忆冲默道人
598428,午日书怀兼忆冲默道人
