927592,林下局事吟
125836,林下局事吟
