607506,和友人春游六首 其四
