277265,初春病起·丛兰修竹墨痕凉
