905133,送许尉子云二首 其一
905132,送许尉子云二首 其二
1113898,送许尉子云二首
