308984,鱼游春水·墨鱼
823133,鱼游春水 墨鱼
