277571,绿意·绿胡蝶
