762389,初春杂咏八首 其六
811988,初春杂咏八首
762386,初春杂咏八首 其三
762385,初春杂咏八首 其二
762384,初春杂咏八首 其一
762391,初春杂咏八首 其八
762390,初春杂咏八首 其七
762387,初春杂咏八首 其四
762388,初春杂咏八首 其五
