216971,检历即事·古来系日欠长绳
207538,道中即事·古来遗逸野人家
89609,田舍即事·古来观社见春秋
