66836,款歌·红白芙蓉照画屏
1003789,红白芙蓉
163723,红白芙蓉·木蕖三数株
