156871,落花·他乡桃李为谁栽
340866,戏简·夭桃秾李为谁新
