482596,无诸钓龙台怀古三首 其二
