140693,赠庄器之·翠舫迎凉避日行
348869,游后浦·锦棹飞飞画舫迎
