245151,河传·海宇，称庆
69294,冶春口号·鲛卵兼斤传海上
69801,冶春口号·鲛卵兼金传海上
254067,诸将·鸿雁频传海上烽
385407,抚问赐药·大名传海宇
71650,水龙吟·世传海有三山
