322684,函谷关·战地生机尽
