750778,北征别张廉卿即送其东游 其二
