7482,虎牙行
1173791,虎牙行
505751,落牙行
