462703,波斯短歌行译笺 其八十四
462700,波斯短歌行译笺 其八十一
462701,波斯短歌行译笺 其八十二
462708,波斯短歌行译笺 其八十九
462699,波斯短歌行译笺 其八十
462707,波斯短歌行译笺 其八十八
462706,波斯短歌行译笺 其八十七
462704,波斯短歌行译笺 其八十五
462702,波斯短歌行译笺 其八十三
462705,波斯短歌行译笺 其八十六
