727997,鸳鸯湖棹歌 其七十九
794032,武夷九曲棹歌 其七
727990,鸳鸯湖棹歌 其七十二
727994,鸳鸯湖棹歌 其七十六
727995,鸳鸯湖棹歌 其七十七
1192225,拨棹歌 其七
870490,九曲棹歌 其七 六曲
727989,鸳鸯湖棹歌 其七十一
1140702,竞渡棹歌 其七
727925,鸳鸯湖棹歌 其七
727993,鸳鸯湖棹歌 其七十五
953396,和朱元晦九曲棹歌 其七
727992,鸳鸯湖棹歌 其七十四
534593,和棹歌 其七
504814,建南九曲棹歌 其七
727996,鸳鸯湖棹歌 其七十八
727988,鸳鸯湖棹歌 其七十
852847,又和晦翁棹歌 其七
727991,鸳鸯湖棹歌 其七十三
