209342,和林一佼自温陵寄诗由信上再忤时贵归本贯
