73909,题耕织·仲春冻初解
379259,哈密·天山积雪冻初融
334500,梅花·海天腊尽冻初融
