637869,白下怀木斋
