632357,木公以新斋成述怀诗六首寄山中依韵奉和 其二
632361,木公以新斋成述怀诗六首寄山中依韵奉和 其六
632360,木公以新斋成述怀诗六首寄山中依韵奉和 其五
632358,木公以新斋成述怀诗六首寄山中依韵奉和 其三
632356,木公以新斋成述怀诗六首寄山中依韵奉和 其一
632359,木公以新斋成述怀诗六首寄山中依韵奉和 其四
