1243270,辇下曲一百二首，有序 其五十七
