328233,何满子·春思
763562,何满子  春思
