649012,题梅赠萧雅容员外赴兖州知府
557907,红梅赠萧文明进士
