949682,溧阳桃花
378136,和谢君泽题弋阳桃花寺并吊郑盘翁
453346,酉阳桃花源
243334,溧阳桃花·见说谪仙曾到此
1023671,和谢君泽题弋阳桃花寺并吊郑盘翁
