904081,席上次表臣韵以遗明之仍督其和章
220208,席上次表臣韵以遗明之仍督其和章
