1019203,祖机上人
