999578,王子直挽词二首 其一
158059,王子直挽词
1127413,王子直挽词二首
158060,王子直挽词·流水身飘忽
999577,王子直挽词二首 其二
