21900,牡丹·牡丹妖艳乱人心
61034,邻翁·世乱人心薄
