1063933,寄南昌黄次山
674531,送南昌黄金任岑溪典史
615933,南昌黄太守招饮滕王阁
650568,挽南昌黄仲谦
