524121,赠甥嘉生日
