1013513,忆旧隐付柔上人
194323,忆旧隐付柔上人
756606,忆旧隐
