217376,墨·青晕时磨半砚云
157906,十村绝句·翰林子墨青毡稿
