521816,陆水村母淑人寿八十
