209063,出湖口占·几朝花片落书奁
916970,齿落书怀
235968,齿落书怀·身上萧条事事空
