241592,送七主簿赴龙水
957699,送七主簿赴龙水
