55174,怀友·湖草青青上客舟
