441332,自题履错集赠天潇
