158094,太阳岭·高侵寥廓势盘纡
