98871,蝶恋花·花褪残红青杏小
