25935,寄远·别肠多郁纡
362492,锦鶒夜逸·草径郁纡溪隔村
