566082,赠王敬止侍御一首
638506,赠王敬止行人使朝鲜次定山韵
