1158315,酒中十咏 其二 酒泉
