237418,挽张龙山·雄篇烂漫兔园册
