498473,寄赠孝先子巨钟陵秋试 其一
1177238,钟陵秋夜
684771,寄赠孝先子巨钟陵秋试
498474,寄赠孝先子巨钟陵秋试 其二
34560,钟陵秋夜
