214429,寄个梅兄·朱墨丛中不惮劳
