1190688,漫作二首 其二
1190687,漫作二首 其一
