150798,大笑菊·玉瓣金心磊落花
177125,栀子花·玉瓣凉丛拥翠烟
