47123,郊墅杂赋·何处可徘徊
80600,杂赋·何许是吾庐
