118495,次韵景仁两辰除夜
