909975,同仲宝风雨中过德麟留宿以夜未央为韵分得未字并和二公夜央字韵 其一
