100107,望韶石·蜀人文赋楚人辞
