564820,授职后感怀三首 其一
