915549,送胡圣闻入太学
1240497,别后闻入杭赋诗以寄
72668,别后闻入杭赋寄
93353,送胡圣闻入太学
