293002,重有感·东海无劳问浅深
280096,以后作·袖中东海无奇迹
