808406,自河南入关所经皆秦汉旧迹车中无事因仿香山新乐府体率成十章 其三 贾谊墓
