780448,鹊桥仙 龙须席
