1241765,盛季文新庄诗
75238,挽盛季文
482871,挽盛季文
