38538,夏日寄清溪道者
38462,寄清溪道者
1162995,寄清溪道者
1162986,夏日寄清溪道者
