225481,临江仙·夜静黄云承宝袜
