480042,送神武蔡千户致仕还湖州（进士中孚之父）
