429755,几士属题梁节庵先生遗札
