963078,寄题起莘家义轩
502519,潘源润思义轩
1054689,题杨氏聚义轩
188932,寄题起莘家义轩
513410,义轩遗诲编
