1012189,五王子 内生
1012191,五王子 末生
1012192,五王子 诞生
1012520,五王子 朝生
1012190,五王子 化生
