569290,李国宾持服还吴寻返豫章邸诸君约诗为赠
