898785,水调歌头 其四 金山观月
239379,水调歌头·金山观月
