862470,挽蔡文叔 其三
962458,谒新汉州范文叔 其一
962456,谒新汉州范文叔 其二
1094801,寄文叔 其一
1094803,寄文叔 其三
962457,谒新汉州范文叔 其三
862469,挽蔡文叔 其二
1094802,寄文叔 其二
862468,挽蔡文叔 其一
