855728,和徐季功舒蕲道中二十首 其十六
