121284,绯桃·衣裁缃缬态纤稼
324451,绯桃·衣裁缃缬态纤秾
