305579,寒夜月明·中原去年喋血
