546330,富贵曲十二首 其三
