182929,寄子由·江上匆匆别
