446686,添字采桑子    宗勇弟将自塞外调回渝州
