562643,思归偶书
