413548,悼文淑
1225956,悼文丞相
264710,摊破浣溪沙·悼文摘编者孙寒冰
284385,悼文淑·师门欢聚忆儿时
423842,摊破浣溪沙·悼文摘编者孙寒冰
