874500,乙丑元日口号十首 其七
