585002,和赵景行送族人还福州韵二首 其二
