111125,渔歌子·管得江湖占得山
211307,知越州·乞麾占得山川胜
