1164325,个人三十韵
