886190,诸公招饮不赴诗谢送酒 其一
237694,诸公招饮不赴诗送酒
886191,诸公招饮不赴诗谢送酒 其二
1111439,诸公招饮不赴诗谢送酒
