1035966,桂酒颂
