912339,汤田早行见李花甚盛二首 其一
