45726,感怀·十年前是一重囚
136974,采桑子·十年前是尊前客
583598,移家长安西街五年前是予旧居
