531178,赠王美中
