621770,楼之外为台黄岐当其右紫陌环其左致有爽气则西颢居前也
