183237,癸酉冬雪·平时看积雪
92979,水壶·外看积翠玉千峰
