596202,春日同诸子兰亭宴集
