218330,琴·只是寻常操
