223163,无事·日日溪头看好山
