516150,哭罗一峰五首 其二
1229157,九日登玉霄峰五首 其三
694757,哭罗一峰五首
516152,哭罗一峰五首 其四
1229156,九日登玉霄峰五首 其二
1229155,九日登玉霄峰五首 其一
1229159,九日登玉霄峰五首 其五
516149,哭罗一峰五首 其一
516151,哭罗一峰五首 其三
516153,哭罗一峰五首 其五
1237194,九日登玉霄峰五首
1229158,九日登玉霄峰五首 其四
