211337,宫词·爱读仙经沐道风
140731,读仙书·飞楼半天真人居
933810,读仙书作
582211,读仙经漫成
903327,读仙书
