1034007,陪徐渊子使君登白雪楼约各赋一诗必以宋玉石对莫愁村
951393,莫愁村
900114,莫愁村
168691,莫愁村·千古行人说莫愁
737239,莫愁村
1087465,莫愁村
