1069735,再至建康 其二
