1099169,秋叶二绝 其一
