338768,南乡子·山中营葬，怀女
778136,南乡子·山中营葬，怀女
