152885,赠赵参军滂
967138,赠赵参军滂
515835,吊赵参军辞
544349,送赵参军
