490994,东归过上饶柬别沈三洲少参
384151,何龙两典试过访鹭洲，少年贵显，人争艳之
