249272,三月·半卷残诗狂注我
44897,残诗
