641882,题张伯英画
