321822,思古堂·孤屿游人思谢公
139203,海棠雪作·撩拨游人思不禁
