152599,点绛唇·一幅霜绡
