344576,梅花十律·高枝何处看逾好
