111884,丙子集·宇宙仓皇过一春
