447173,下乡插队二十周年感赋
