651983,辰州喜雪
