1102392,景德遂长老请赞
