1047562,和颖叔冲寂观
