666527,泣玉行
1243743,题卞和泣玉图手卷二首 其二
1243742,题卞和泣玉图手卷二首 其一
156442,卞和泣玉图
1140421,卞和泣玉图
1252300,题卞和泣玉图手卷二首
