188259,桂枝香·楼前凝望
