720776,酒泉子  二首 其二
720775,酒泉子  二首 其一
