115830,楚城晓望·鼓角凌虚雉堞牢
896724,楚城晓望
