610345,朝天石
