147469,金山·水涌孤峰出
