964426,点绛唇 其一 咏梅
1210196,点绛唇 其一 咏海棠
988452,点绛唇 其一 咏御射
