625209,宜城县宋玉墓
568537,过宋玉墓
538033,宋玉墓
