953803,送润州通判屯田
137964,送润州通判屯田
