184120,和前三篇·山公偏爱习家池
