162929,菩萨蛮·与君欲赴西楼约
