612240,镜园大堤新成季秋望后之夕陈抱一陈永平步月敲门过访余方独酌未眠共醉分赋
645378,季秋望后一日同僚友登岱
