768115,南浦 其二 秋水，用碧山乐府韵，同蘅圃赋
