65027,虞山访李孟芳
470751,虞山访李孟芳
