602096,可度岭二首 其一
