9011,客舍赠郑贲
1186315,长安客舍赠李行父明府
1158928,客舍赠别韦九建赴任河南韦十七造赴任郑县就便觐省
9056,长安客舍赠李行父明府
4191,客舍赠别韦九建赴任河南韦十七造赴任郑县就便觐省
1186444,客舍赠郑贲
