849743,癸酉春暮钟信甫寄诗次其韵 其一
849666,癸酉春暮钟信甫寄诗次其韵 其二
