1215358,奉柬浙东索士嵓佥宪二首 其一
