903034,挽叔祖户部侍郎诗四首 其二
