711188,晚发二首 其二
584177,辰溪晚发二首 其二
