233448,清平乐·青春欲暮
