768205,喝马一枝花 送沈茶星宰来宾
152206,古意·来宾有双雁
734078,送沈融谷之任来宾
1239330,来宾县晓发
147392,送来宾宰·君作来宾宰
147392,送来宾宰·君作来宾宰
58401,来宾县晓发
1033998,送来宾宰
197907,赋雪梅·寄言青女莫来宾
768396,喝马一枝花 送沈茶星宰来宾
202671,新雁·来宾何太早
779967,喝马一枝花 送沈茶星之来宾任
280756,喝马一枝花·送沈茶星宰来宾
171145,雁·岁岁来宾似有期
558747,来宾渡
332063,喝马一枝花·送沈茶星之来宾任
