511373,秫坡先生钓台
743641,访秫坡先生钓台故址
579296,秫坡先生钓台
614284,经秫坡先生钓台故址
