745852,园居即事 其二
