147529,自漳州回泉南主仆俱病
1033432,自漳州回泉南主仆俱病
489864,送田起宗回泉南次倪云林韵
