741002,过雁落山庄有感寄舍弟衡州
592630,闻舍弟衡仲已至金陵
