1154215,中和乐九章 歌中宫第五
490,歌中宫第五
