547077,寿周燕川封君为司理周君作
667439,重修观鹅亭应秦从川封君
