554238,代菊荅五首 其五
