682050,寿俞进士父
548776,寿俞进士父 其一
548777,寿俞进士父 其二
