112774,齐天乐·幽香不受春料理
217181,有为解·不受春风半点尘
