1074117,艮岳百咏 高阳亭
