338786,卜算子·玉井莫轻投
