40531,秋夜诗·遁迹避纷喧
214855,山居诗·遁迹无图匿姓名
