617963,仲春雪夜怀山中诸子
633518,初秋夜怀山中诸兄弟
