465906,甲午盛夏朝峨眉
251590,甲午盛夏朝峨眉
