361548,送毛宽任清流主簿
1039881,送毛宽任清流主簿
