975265,次韵答罗鄂州二首 其二
