262516,浪淘沙·谁剪旧宫衣
