175716,过报德庵·循溪踏危矼
56284,蒲庵·循彼南涧
