77929,怀故山·老怯京麈化素衣
81454,月夕·客路风尘化素衣
