343858,睡燕·小院春寒月满庭
