173257,腊梅·一种佳名两字猜
