218857,寄黄景咏·仙翁早岁学吾乡
304000,小楼·晚学吾何及
