801738,九日登东城寄南华
