162790,沁园春·杯汝知乎
