150888,渔舍·渔舍时时须一到
