275467,六么令·雪消鸳瓦
