970477,挽王漕稚川 其一
