334009,久不得六弟消息二绝
1068369,久不得六弟消息二绝 其一
1067885,得六弟书有归期
1114668,久不得六弟消息二绝
1068370,久不得六弟消息二绝 其二
