642559,吴宫子夜四时歌
