222262,题巴东寺·寺在啼猿外
280176,村居即景·半天寒色在啼鸦
331495,春词·谁使鸣禽自在啼
