941361,东协济祠
242527,协济祠·水流无限白云深
240919,东协济祠
941394,协济祠
