663293,章氏园饯别升之分得木字
