117685,踏藕·春湖柳色黄
