282615,忆江南·怀前事，游屐趁芳辰
