242391,云根石·溶溶聚散霎时间
