669243,送萧别驾赴云中
