723987,同谢咨议咏铜爵台
