548540,刘山人送牡丹 其三
687595,刘山人送牡丹
548541,刘山人送牡丹 其四
548538,刘山人送牡丹 其一
548539,刘山人送牡丹 其二
