952745,寄兰溪邑长史宫赞
217224,送史宫赞兰溪解印归阙
217443,和史宫赞·门对远岑青
217393,寄兰溪邑长史宫赞
952814,和史宫赞
952854,送史宫赞兰溪解印归阙
