1212717,方湖钓鱼台
