289485,澄台秋望·返日麾戈志未摧
422139,澄台秋望
