996914,岩下放言五首 其三 冠鳌台
114072,岩下放言五首之冠鳌台
