111608,西江月·偃月炉中金鼎
