1032167,呈左律师
109347,吴左律师
