311254,木兰花·春风换尽春颜色
311386,阮郎归·春风换梦一番番
