329076,九日晨起·渐歇驱蚊手
