422278,五溪社兄寿令尊翁七秩 其三
422280,五溪社兄寿令尊翁七秩 其五
422279,五溪社兄寿令尊翁七秩 其四
422277,五溪社兄寿令尊翁七秩 其二
422281,五溪社兄寿令尊翁七秩 其六
422276,五溪社兄寿令尊翁七秩 其一
