577884,题王君晋彦梅窗二首 其一
