446048,鹧鸪天 岁末寄人
