183423,挽辞·贾傅少驰誉
165032,挽章·少驰贤孝誉
