374077,赞须菩提·伎俩全无始解空
71542,渔家傲·伎俩全无痴懵懂
