40747,咏墙北栀子诗
275690,杂咏·墙头森森万竿竹
779461,诉衷情令 咏墙东海棠
724060,咏墙北栀子诗
359697,番社杂咏·墙阴蕉叶依然绿
