652196,南京十咏 其二 玄武波澄
