786889,别墩关感谢众多亲祖饯郊外
