30414,庭花·昨日芳艳浓
