273836,玉堂春·诺那精舍听经
821338,玉堂春 诺那精舍听经，译汉语者为□江胡□□女士
