403478,念奴娇 罗衫
307578,念奴娇·罗花山中用东坡韵
312872,念奴娇·罗衫
421148,念奴娇 罗花山中用东坡韵
