335053,临赋阁·与物相忘久
