151369,挽赵秋晓·年头尾足遗追随
