1029989,挽黄承事三首 其三
241217,挽黄松涧·少陵元是谁家数
590713,挽黄南浦二尹
505811,挽黄德渊
276544,挽黄兴联
226098,挽黄助教·春归平日馆池中
945393,挽黄提举震三章 其二
1073185,挽黄忠臣二首 其二
578145,挽黄淑人
209457,挽黄思梅·梦回残月堕觚棱
1004880,挽黄助教四首 其一
292261,水龙吟·挽黄晦闻
499599,挽黄玉润
636530,挽黄摄之
1029990,挽黄承事三首 其二
1139088,挽黄子高
663120,挽黄兵部实夫乃正
226047,挽黄助教·杨枝一放任西东
945394,挽黄提举震三章 其一
301856,挽黄克强·大难将来抱百忧
502822,挽黄蘖大休上人
465845,挽黄霞川画友二首 其一
324667,挽黄忠臣·书报登科墨未乾
1247776,挽黄存斋先生
1119872,挽黄提举震三章
130721,挽黄祖勉·夙是通家契
226046,挽黄助教·有客携来幼妇碑
1136627,挽黄松涧
945392,挽黄提举震三章 其三
1071189,挽黄忠文公 其二
1004877,挽黄助教四首 其四
130723,挽黄提举震
770637,挽黄孝觉
1119873,挽黄祖勉三首
1004878,挽黄助教四首 其三
1131667,挽黄承事三首
962454,挽黄通判明叔座主
1106628,挽黄忠臣二首
862917,挽黄夫人
130720,挽黄祖勉·平生不行怪
1071188,挽黄忠文公 其一
826579,水龙吟·挽黄晦闻
1004879,挽黄助教四首 其二
180407,挽黄思忠·千章择一木
624829,挽黄象坤
878488,挽黄拙轩
1073184,挽黄忠臣二首 其一
999106,挽黄泰之
911601,挽黄脩职
511655,挽黄惟器
908458,挽黄思忠
89364,挽黄安人·嫁作儒家妇
237578,挽黄循斋·忆昔论文友
301992,挽黄诏平·过从最忆黄夫子
249710,挽黄霞川画友
1217283,挽黄郎
173579,挽黄夫人·官棲枳棘莫消魂
54283,挽黄伯传
470289,挽黄伯传
408369,挽黄克强先生二首 其一
89361,挽黄岩赵郎中
1108478,挽黄岩赵郎中二首
226048,挽黄助教·金鎞刮膜妙通灵
897211,挽黄几道
89363,挽黄德远堂长
1213027,挽黄陂主簿秋圃赵公
347962,挽黄孝觉·潘麦悠悠江水东
155834,挽黄泰之·汉世无双价
945389,挽黄祖勉三首 其三
465846,挽黄霞川画友二首 其二
431522,挽黄克强先生二首
638511,挽黄良贵郎中父省高压庵卷
465954,挽黄霞川画友二首
818000,挽黄诏平
877586,挽黄岩赵郎中二首 其二
636642,挽黄汪千
89362,挽黄岩赵郎中·青衫昔作督邮时
976910,挽黄制属
1124673,挽黄忠文公
97902,挽黄参议·给事勋庸太史诗
437755,挽黄华诗
1108465,挽黄德远堂长二首
877585,挽黄安人
198511,挽黄承事·肯为儒冠叹误身
1128303,挽黄助教四首
1139496,挽黄思梅
408370,挽黄克强先生二首 其二
516287,挽黄门林克翀其子任中书舍人
1029991,挽黄承事三首 其一
228576,挽黄修职·宰士当年棣萼情
940988,挽黄总干
877589,挽黄德远堂长二首 其一
301916,挽黄克强先生
648136,挽黄行中检讨
886267,挽黄循斋 其一
945391,挽黄祖勉三首 其一
635418,挽黄广思
230040,挽黄通判明叔座主
271278,挽黄兴联·革满清之命为成功英雄
265872,挽黄公孟·记同江表抚疮痍
198508,挽黄承事·不用籯金侈厚藏
237577,挽黄循斋·桂胜炉峰月
117385,挽黄几道·异政颍川凤
535852,挽黄节妇
877587,挽黄岩赵郎中二首 其一
973118,挽黄参议
89365,挽黄德远堂长·虽与长君友
249711,挽黄霞川·自筑幽居度晚年
513063,挽黄节妇
886266,挽黄循斋 其二
193637,挽黄制属·家传山谷旧簪缨
406928,挽黄公孟
169637,挽黄总干·作邑古循吏
877588,挽黄德远堂长二首 其二
553189,挽黄仲埙先生
324483,挽黄忠臣·忆昔相逢子少年
198509,挽黄承事·畴昔云天一覩披
130722,挽黄祖勉·世远太和散
945390,挽黄祖勉三首 其二
516377,挽黄仲量
502931,挽黄山周正卿
539316,寄挽黄淳父丈
661584,挽黄梦熊
1111404,挽黄循斋
