197672,蜀葵韵·亭亭弱干袅新凉
862331,蜀葵韵
