753529,子夜歌 其二
705581,子夜歌 其二
551437,子夜歌 其二
718126,子夜歌 其二
783348,子夜歌 其二
669841,四时子夜歌 其二
614572,子夜歌 其二
566306,子夜歌 其二
669831,子夜歌 其二
710507,子夜歌 其二
