719724,食槟榔谣 其一
719725,食槟榔谣 其二
