631014,酬彭进士羡门二首 其一
631015,酬彭进士羡门二首 其二
