563772,除夕伍汝真用待隐园韵即席次答五首 其二
