401823,西江月 故乡新貌二首
400456,西江月 故乡新貌二首 其一
