321598,望湖亭·杖屦登临望鉴湖
321853,过新昌·杖屦登关岭
