247299,浣溪沙·无限人间重晚凉
668270,同子重晚步过竹堂
385179,新正六日同子重晚步至竹堂
384418,同子重晚步过竹堂
668387,新正六日同子重晚步至竹堂
