1006209,菊花新 其六
