172976,申屠嘉·汉四十年几丞相
