104989,七夕·古来传织女
138620,偶作·天涯地角古来传
240182,谒张公祠·古来传说双剑灵
