1004890,遗术士
226026,遗术士·欲寿莫夸尧丙子
