457016,随想随作 其二十六
