227270,郴州鹿鸣宴
969167,郴州鹿鸣宴
