937489,桃源忆故人五首 其二 应灵道中
937485,桃源忆故人五首 其三
937488,桃源忆故人五首 其四
937486,桃源忆故人五首 其五 题华山图
937487,桃源忆故人五首 其一
