966725,悼王子开五首 其五
