306159,杂诗·万物同熙熙
