162775,西江月·千丈悬崖削翠
261794,登岱·千丈悬崖撼石闾
