581596,谒曲江张丞相祠
