1086822,和景严咏冬开木犀
341862,和景严咏冬开木犀
