753283,雨馀登避暑台
934731,醉中登避俗台
