139269,疏希白·二疏高躅耸簪绅
889151,和杨季恪景疏希白二首 其一
889150,和杨季恪景疏希白二首 其二
1111734,和杨季恪景疏希白二首
