18933,五凤楼晚望
1155834,五凤楼晚望
