61342,题履实上人新居
646691,题履实上人新居
192936,次韵和翰林师学士赠伦上人新居之什
916130,次韵和翰林师学士赠伦上人新居之什
