204995,求纸衾·避世知无地
210478,贾浪仙·举世知心独有韩
299776,感秋·举世知名蚤
