97653,送处州斯远·孰有如公者
