656343,自杨溪过葛藤科
656149,葛藤科先陇
