951486,四事吟
126227,四事吟·会有四不赴
