376258,方岩许送纸不至
848178,王敦素许纸不至戏简促之
237833,王敦素许纸不至戏简促之
1095705,方岩许送纸不至
