1061959,颂古六十二首 其五十二
1061912,颂古六十二首 其五
1061963,颂古六十二首 其五十六
1061961,颂古六十二首 其五十四
1061958,颂古六十二首 其五十一
1061960,颂古六十二首 其五十三
1061964,颂古六十二首 其五十七
1061957,颂古六十二首 其五十
1061965,颂古六十二首 其五十八
1061966,颂古六十二首 其五十九
1061962,颂古六十二首 其五十五
