921270,南堂五首 其三
