518881,过羊桥峡
536632,由武当之紫霄历青羊桥憩五龙出仁威观有述
634416,羊桥峡
