465884,咏改良四首 其三
