303674,消夏偶成·晓雨似奔泷
206199,雪·朔风动地似奔雷
292805,江楼秋思·流光掠眼似奔轮
