136452,早行·店远鸡声近
