720358,闺情绝句 其四
