338484,介推母·高堂垂白夭天年
