211980,木兰花慢·自崆峒麦熟
