583904,浔阳除夜
