1092887,呈周南仲推官并呈滕计度贤良
