758175,壶中天 花光
