561896,木兰花慢 答张少宰甬川叠前韵予往岁奉使湘南与少宰会衡岳下登览弥旬
544468,送李太史使湘中
