878922,得江西报六言十首 其九
