587247,海行因仆夫夜行而歌喜而有作
