121779,晓枕·铜丸惊破将军梦
