1229529,送禅者归乡
