919188,忆卢子高
154162,忆卢子高·与君同气不同家
