268121,小重山·频岁家居多往还
