579390,世称乌反哺盖闻而未睹焉一日晨起见其类聚飞鸣乃其然也感叹有作
