972120,十九日招老谢丈
97968,十九日招老谢丈
