167550,浣溪沙·薄薄梳妆细扫眉
230532,浣溪沙·薄日移影午暑空
235135,浣溪沙·薄薄纱橱望似空
835597,一痕沙 薄暮纳凉
157296,浣溪沙·薄薄春衫簇绮霞
312835,浣溪沙·薄薄秋云夜转长
796714,浣溪沙 薄暮偶成
245802,浣溪沙·薄雾笼沙暖似春
285231,浣溪沙·薄怨轻颦两不胜
288488,浣溪沙·薄醉柔欢夜渐温
313185,一痕沙·薄暮纳凉
117980,息壤·江上寒沙薄如席
283802,浣溪沙·薄暝楼台近水明
218653,浣溪沙·薄雾轻阴酿晓寒
322198,浣溪沙·薄暮偶成
