203285,谢杜相公·谢政闲宫傅
