762484,和筱岫次韵元微之咏醉十二篇 其二 独醉
762485,和筱岫次韵元微之咏醉十二篇 其三 宿醉
762494,和筱岫次韵元微之咏醉十二篇 其十二 狂醉
762491,和筱岫次韵元微之咏醉十二篇 其九 劝醉
762490,和筱岫次韵元微之咏醉十二篇 其八 拟醉
762483,和筱岫次韵元微之咏醉十二篇 其一 先醉
762489,和筱岫次韵元微之咏醉十二篇 其七 病醉
762487,和筱岫次韵元微之咏醉十二篇 其五 羡醉
762492,和筱岫次韵元微之咏醉十二篇 其十 任醉
811980,和筱岫次韵元微之咏醉十二篇 先醉
762488,和筱岫次韵元微之咏醉十二篇 其六 忆醉
762486,和筱岫次韵元微之咏醉十二篇 其四 惧醉
762493,和筱岫次韵元微之咏醉十二篇 其十一 同醉
