411276,喜杨席珊丈见过，留饮
830879,解连环 香篆，和张雨珊丈韵
350332,解连环·香篆，和张雨珊丈韵
306073,喜杨席珊丈见过，留饮
