797709,菩萨蛮 春不老
299131,菩萨蛮·春不老
