445503,偕小李兄造访绿烟雅识文中茹彬狂蜂三友
