810698,青玉案 渡江有感
265711,青玉案·渡江有感
