158841,勾院偶书·一坐閒窗百虑清
