38841,牧童·草铺横野六七里
