471919,子夜歌十二首 其二
471922,子夜歌十二首 其十一
471921,子夜歌十二首 其九
546943,子夜歌十二首 其十
546944,子夜歌十二首 其十二
471920,子夜歌十二首 其四
546942,子夜歌十二首 其八
546939,子夜歌十二首 其五
546937,子夜歌十二首 其一
546938,子夜歌十二首 其三
546941,子夜歌十二首 其七
546940,子夜歌十二首 其六
