446638,菩萨蛮    綦江行   其二 参观綦江农民版画陈列室
