408952,花会竹枝词十二首 其九
