573345,幽栖 其一
573346,幽栖 其二
773697,山栖 其一
773698,山栖 其二
773699,山栖 其三
