258937,想念城市上空的雁子
