838343,防匪 其四
