594867,莆田程慧父自始安道南海访余洲上不值
