96245,绝句·一春多雨慧当悭
