759893,王寿山诗十首 其八
