409299,秋感八首 其八
