725403,从顿还城应令诗
