83116,闲居自述·自许山翁嬾是真
478601,至日闲居自述（成化甲辰）
50711,至日闲居自述
10413,闲居自述
1186649,闲居自述
932363,闲居自述
