338546,清平乐·舟窗晚眺，次外子韵
794687,清平乐 舟窗晚眺，次外子韵
