1097133,贺宰相生日
