1169396,绯桃花
29145,绯桃花歌
1169464,绯桃花歌
347212,杨柳枝·并树绯桃花较迟
29296,绯桃花·茫茫天意为谁留
