765508,醉落魄 冬夜即意
202853,冬夜即事·独寝书窗下
765764,南乡子 冬夜即事
371062,冬夜即景·风景逼黄昏
1160939,冬夜即事
259947,冬夜即景
15534,冬夜即事
1140899,冬夜即事
781939,冬夜即事和陈侍御韵
277705,冬夜即事·梅魂竹梦已三更
198934,冬夜即事·印奁封罢阁铃闲
1002509,冬夜即事
1212163,冬夜即事
741698,冬夜即事简景云客
