490030,珠金沙
