358053,马上·孤冢如山官路傍
328435,雪后孤山·断碑孤冢树苍苍
