1050254,谢胡丞寄锡泉十瓶
