951267,米元章黄龙帖赞
