436288,和答丹山梦庵张丈 其二
