495056,戊子元旦，步张鲵渊太傅韵
