862746,无尽藏斋诗 其二
862747,无尽藏斋诗 其一
