1199041,子夜歌四十二首 其十七
