930103,道山直舍
84401,道山直舍·身世从来一蠹鱼
