499725,寄建阳司训陈允章二首 其二
