203378,渔家傲·昨夜寿星朝北极
295443,渔家傲·昨夜扶头今日又
224537,渔家傲·昨夜山空流石乳
