1008687,颐蒙法师赞
