269662,早发褒城·旅客闻鸡早
