322018,周漕行可和诗复用前韵并简元章
1085648,周漕行可和诗复用前韵并简元章
