896882,冬日书事二首 其一
