67025,自秣陵泛舟抵庐江
4581,武陵泛舟
474157,自秣陵泛舟抵庐江
1077543,自海陵泛江归梁溪作
651640,嘉陵泛江
742858,晚秋广陵泛舟
318156,晚秋广陵泛舟
1178458,武陵泛舟
