1000052,谢纯甫惠笔
158442,谢纯甫惠笔
