911663,花翁将归婺女因为江西游有长篇留别社中次韵送之
