125059,孙景赴怀宁尉
894239,送舒州怀宁尉孙景先省严亲后赴职
892280,孙景赴怀宁尉
159220,送舒州怀宁尉孙景先省严亲后赴职
