1093425,送叶卿湖南转运判官 其二
370282,送叶卿湖南转运判官
1130690,送叶卿湖南转运判官
1093424,送叶卿湖南转运判官 其一
