132739,题张道寒绿轩
