782117,香秋海棠八绝 其九
