83770,戏作·暮霭昏昏半掩扉
