1015649,赞五祖和尚
109117,赞五祖和尚
