62978,中秋和龙子高
483022,中秋和龙子高
