507210,庆少保户部尚书黄宗豫尊翁八十八寿
535453,安黄门曾祖母九十八寿诗
708218,满江红 其十八 寿黄处安中书
