277701,明妃·绝艳惊人出汉宫
235112,玉楼春·大堤花艳惊郎目
