785379,东符象芝 其二
785380,东符象芝 其三
785378,东符象芝 其一
