1182068,宴光禄田卿宅
1182221,酬光禄田卿六韵见寄
1182155,酬光禄田卿末伏见寄
21686,酬光禄田卿六韵见寄
21682,酬光禄田卿末伏见寄
21631,宴光禄田卿宅
