898094,寄集节二首 其二
898095,寄集节二首 其一
