1174996,述旧纪勋太原寄李光颜侍中二首 其一
953768,退居述怀寄北京韩侍中二首 其一
