1164940,送许子擢第归江宁拜亲因寄王大昌龄
207890,寒食游王氏城东园林因寄王虞部
6216,送许子擢第归江宁拜亲因寄王大昌龄
981251,寒食游王氏城东园林因寄王虞部
