67656,简虞胜伯
482929,简虞胜伯
