493690,答衡尹毛见川论学
321063,咏芭蕉·剥尽皮毛见本真
