646883,九骚引 其一 感往昔
