608712,草堂新开四家兄携诸侄自?川移舫志喜 其二
