68109,清心镜·勉门人
1201686,清心镜 勉门人
