1225524,送徐典史归四明
