650839,立春日朝罢偶赋 其二
955017,偶赋 其二
