1055175,万竹轩 其五
719268,自题易叶轩 其五
874087,呈辛稼轩 其五
644047,题延月轩 其五
