959874,五季石晋 其一
1187548,东晋 其一
498828,赠水东闵太史年兄督学三晋 其一
