861932,浣溪沙 其四 有感
