308793,氐州第一·绿菜，葆青馈
823039,氐州第一 绿菜，葆青馈
