1200336,发白解嘲
239892,发白解嘲·吴霜两发早先秋
