636327,过李子将鸥次昆玉
