908069,次韵何子闻安静观 其一
908068,次韵何子闻安静观 其二
