234555,雷峰寺听琴
986726,雷峰寺听琴
43874,同喻宣仲鹫峰寺听秋莺
728613,同宣仲鹫峰寺听秋莺
