565221,碧云寺泉亭 其三
870510,夕眺风泉亭 其三
