418005,茂林居士忆琴百二绝句 其三十九
