972635,呈刘子后赵行之司理舅二首 其二
