265934,蝉·古木蝉声乱
