1081036,处冲见和复次韵二首 其二
1081035,处冲见和复次韵二首 其一
1119791,处冲见和复次韵二首
