1195058,卷末偶题三首
1181170,卷末偶题三首 其三
1181168,卷末偶题三首 其一
1181169,卷末偶题三首 其二
