186762,斜川日雪观所赋
900616,斜川日雪观所赋
