95192,闵雨·青山本无垢
