541961,毛侍御仁甫幽居
