526855,访王主政秉衡不值仍小候
779652,南柯子 为某小候题照
