984694,三月三十日前人有诗云共君今夜不须睡未到晓钟犹是春再和前韵二首 其二
1125652,三月三十日前人有诗云共君今夜不须睡未到晓钟犹是春再和前韵二首
984695,三月三十日前人有诗云共君今夜不须睡未到晓钟犹是春再和前韵二首 其一
