892993,辨才少白师归天台
125079,辨才少白师归天台
