1061700,上毛运使
