110024,安源院·施田乐贰卿
261251,春天的安源
886529,安源院
