1006527,答陈抟
