841852,代如皋某拈木芙蓉美人二首 其一
841853,代如皋某拈木芙蓉美人二首 其二
