1099669,和后村唐衣二首 其二
