48923,祁阳道中·愁红怨白满江滨
57524,赋落花·愁红怨粉各依依
