111226,田园杂兴·得瑕分畦秧韭菜
