735192,韩圣秋舍人见过响山草堂即事 其一
816109,韩圣秋舍人见过响山草堂即事
735193,韩圣秋舍人见过响山草堂即事 其二
