948600,次杨子直使君韵
