529296,七月十一日雨后东巡过鸣谦驿
9234,过鸣皋隐者
990975,过鸣雁城
104057,过鸣雁城·九月过鸣雁
104057,过鸣雁城·九月过鸣雁
1186324,过鸣皋隐者
