741049,太白酒楼和顾星桥韵
