99079,赴官韦城·白马津头春水来
215439,题夏旼扇·白马津头驿路边
