68664,次古诗韵·蔽体可结叶
317490,席上题赠·轻云蔽体脸生霞
86910,村居即事·敝緼袍足蔽体
