388655,秋寄·向晓秋云飞
