951872,圣人之孝十首 其十 孟子
