115148,醇碧颂·田子绿麴
997379,醇碧颂
219811,釂饮·珠零醇碧郁春槽
