716599,诸公饯予玉河亭子赋别
714355,玉河亭宴集
