985342,渔家傲 其一 丁卯生日自作
879046,水龙吟 其十六 丁卯生日
