547455,冯用韫宗伯订约西游登岱过期未至怀望遣闷二首 其二
