1001835,豫章舟中夜坐自遣
148878,豫章舟中夜坐自遣
