258062,寄金山老·庭前双柏树
