215443,太白岭·太白巃嵷东南驰
362189,赐刘能真·太白巃嵷东南驰
