543027,广三妇艳四首 其一
