229372,月海远上人游方过灵隐
1032905,月海远上人游方过灵隐
