440444,中秋戏答伯狐二首次其韵 其一
