214385,夏·野花成子落
