6942,萼岭四望
