1039404,次韵和崔公孺国博观新模正献杜公草书
372538,次韵和崔公孺国博观新模正献杜公草书
