410889,拟范无错体漫书
290838,拟范无错体漫书
