1217108,中秋乐陵驿玩月
585672,夜过横石矶驿玩月作
