1218832,三月十日移居
