627039,端溪大水歌 其三
