69079,素梅·仙子归来夜未央
