366271,昆丘台·重峦似欲学层城
373847,绝景亭·四顾林峦似列屏
150709,飞来·依约峰峦似竺乾
73609,如梦令·绿锦峰峦似绣
