503555,春初忆故人
