199439,谒苏州守·十年狂荡客征途
874267,谒苏州守
