833613,上江虹 㤅伯师集中有叠韵四阕，绮情瑶想，销魂黯然，和之如其数 其一
845282,上江虹 㤅伯师集中有叠韵四阕，绮情瑶想，销魂黯然，和之如其数
