1233672,公署述怀
