1087882,次秀野沧波馆刈麦二诗 其二
