296004,岁暮旅居·金兼鹤背都难觅
372673,离都·握节背都门
