1153763,詶人失题
