677900,感怀冬夜
