851249,和中斋韵 其二
