334121,自和·水荇芦芽相纬经
