529306,舟去速遂罢入寺从塔院西畔泛青龙故江
