571564,大水遣闷绝句四首 其三
