533336,市中得旧琴囊而予无琴也
961561,喜败箧中得旧诗
150927,喜败箧中得旧诗
