722709,满江红 拜岳鄂王墓敬和原韵
