631623,立秋夜望月二首 其一
