229261,又和病中遣怀
1016278,又和病中遣怀
