558475,淮安简呈屠元功主事
558171,淮安过游汝弼兼柬石宗海屠元功主事
