660972,和郑司徒留别韵
